Natezenie przeplywu: 
401.000000
402.000000
402.000000
400.000000
402.000000
402.000000
400.000000
401.000000
402.000000
202.000000
202.000000
94.333333
-10.333333
-120.000000
-224.666667
-329.333333
-440.000000
-649.333333
-649.333333
-759.000000
-865.666667
-971.333333
-1079.000000
-1184.666667
-1292.333333
-1505.666667
-1505.666667
-1613.333333
-1719.000000
-1826.666667
-1931.333333
-2040.000000
-2144.666667
-2356.000000
-2356.000000
-2463.666667
-2572.333333
-2680.000000
-2784.666667
-2890.333333
-2997.000000
-3210.333333
-3210.333333
-3319.000000
-3422.666667
-3529.333333
-3636.000000
-3742.666667
-3850.333333
-4062.666667
-4062.666667
-4169.333333
-4275.000000
-4386.666667
-4491.333333
-4599.000000
-4705.666667
-4918.000000
-4918.000000
-4925.666667
-4931.333333
-4936.000000
-4944.666667
-4949.333333
-4959.000000
-4973.333333
-4973.333333
-4978.000000
-4983.666667
-4990.333333
-4996.000000
-5006.666667
-5012.333333
-5025.666667
-5025.666667
-5032.333333
-5039.000000
-5042.666667
-5050.333333
-5056.000000
-5065.666667
-5076.000000
-5076.000000
-5085.666667
-5092.333333
-5096.000000
-5105.666667
-5110.333333
-5119.000000
-5128.333333
-5128.333333
-5137.000000
-5145.666667
-5153.333333
-5159.000000
-5163.666667
-5169.333333
-5182.666667
-5182.666667
-5191.333333
-5197.000000
-5198.000000
-5197.000000
-5200.000000
-5196.000000
-5200.000000
-5200.000000
-5200.000000
-5199.000000
-5198.000000
-5200.000000
-5199.000000
-5197.000000
-5200.000000
-5200.000000
-5196.000000
-5199.000000
-5198.000000
-5199.000000
-5197.000000
-5196.000000
-5196.000000
-5196.000000
-5199.000000
-5196.000000
-5200.000000
-5197.000000
-5198.000000
-5199.000000
-5197.000000
-5197.000000
-5197.000000
-5197.000000
-5196.000000
-5198.000000
-5197.000000
-5199.000000
-5198.000000
-5198.000000
-5198.000000
-5197.000000
-5198.000000
-5198.000000
-5199.000000
-5197.000000
-5200.000000
-5200.000000
-5200.000000
-5200.000000
-5198.000000
-5198.000000
-5200.000000
-5196.000000
-5200.000000
-5200.000000
-5198.000000
-5196.000000
-5199.000000
-5200.000000
-5200.000000
-5198.000000
-5199.000000
-5199.000000
-5195.000000
-5197.000000
-5197.000000
-5197.000000
-5197.000000
-5200.000000
-5200.000000
-5200.000000
-5198.000000
-5200.000000
-5197.000000
-5196.000000
-5197.000000
-5196.000000
-5196.000000
-5196.000000
-5200.000000
-5197.000000
-5196.000000
-5197.000000
-5197.000000
-5196.000000
-5199.000000
-5199.000000
-5197.000000
-5197.000000
-5199.000000
-5198.000000
-5199.000000
-5198.000000
-5196.000000
-5196.000000
-5196.000000
-5198.000000
-5198.000000
-5198.000000
-5199.000000
-5199.000000
-5197.000000
-5197.000000
-5198.000000
-5197.000000
-5199.000000
-5196.000000
-5198.000000
-5196.000000
-5200.000000
-5200.000000
-5199.000000
-5199.000000
-5198.000000
-5196.000000
-5195.000000
-5196.000000
-5198.000000
-5198.000000
-5197.000000
-5197.000000
-5196.000000
-5198.000000
-5200.000000
-5199.000000
-5197.000000
-5197.000000
-5198.000000
-5197.000000
-5197.000000
-5197.000000
-5197.000000
-5197.000000
-5196.000000
-5196.000000
-5195.000000
-5200.000000
-5197.000000
-5198.000000
-5198.000000
-5200.000000
-5197.000000
-5197.000000
-5200.000000
-5196.000000
-5199.000000
-5200.000000
-5198.000000
-5200.000000
-5199.000000
-5199.000000
-5197.000000
-5200.000000
-5198.000000
-5199.000000
-5198.000000
-5196.000000
-5196.000000
-5196.000000
-5199.000000
-5198.000000
-5199.000000
-5200.000000
-5196.000000
-5200.000000
-5196.000000
-5196.000000
-5200.000000
-5199.000000
-5195.000000
-5199.000000
-5200.000000
-5199.000000
-5200.000000
-5200.000000
-5196.000000
-5199.000000
-5196.000000
-5198.000000
-5200.000000
-5198.000000
-5197.000000
-5197.000000
-5200.000000
-5196.000000
-5197.000000
-5198.000000
-5196.000000
-5199.000000
-5196.000000
-5196.000000
-5198.000000
-5196.000000
-5195.000000
-5199.000000
-5200.000000
-5197.000000
-5196.000000
-5196.000000
-5198.000000
-5196.000000
-5200.000000
-5198.000000
-5200.000000
-5196.000000
-5197.000000
-5197.000000
-5196.000000
-5200.000000
-5199.000000
-5200.000000
-5199.000000
-5197.000000
-5200.000000
-5200.000000
-5197.000000
-5200.000000
-5199.000000
-5200.000000
-5200.000000
-5199.000000
-5192.333333
-5192.333333
-5182.666667
-5177.000000
-5172.333333
-5163.666667
-5156.000000
-5153.333333
-5138.000000
-5138.000000
-5129.333333
-5125.666667
-5117.000000
-5110.333333
-5102.666667
-5098.000000
-5082.666667
-5082.666667
-5078.000000
-5072.333333
-5064.666667
-5059.000000
-5053.333333
-5042.666667
-5032.333333
-5032.333333
-5023.666667
-5018.000000
-5011.333333
-5003.666667
-4998.000000
-4993.333333
-4978.000000
-4978.000000
-4971.333333
-4965.666667
-4960.000000
-4952.333333
-4942.666667
-4939.000000
-4922.666667
-4922.666667
-4919.000000
-4910.333333
-4906.666667
-4900.000000
-4892.333333
-4884.666667
-4870.333333
-4870.333333
-4864.666667
-4860.000000
-4850.333333
-4843.666667
-4840.000000
-4833.333333
-4817.000000
-4817.000000
-4810.333333
-4803.666667
-4800.000000
-4793.333333
-4782.666667
-4776.000000
-4765.666667
-4765.666667
-4757.000000
-4753.333333
-4745.666667
-4737.000000
-4732.333333
-4722.666667
-4712.333333
-4712.333333
-4705.666667
-4699.000000
-4692.333333
-4683.666667
-4678.000000
-4671.333333
-4660.000000
-4660.000000
-4650.333333
-4643.666667
-4638.000000
-4631.333333
-4622.666667
-4620.000000
-4606.666667
-4606.666667
-4596.000000
-4600.000000
-4596.000000
-4598.000000
-4596.000000
-4596.000000
-4597.000000
-4597.000000
-4600.000000
-4596.000000
-4600.000000
-4598.000000
-4599.000000
-4599.000000
-4597.000000
-4597.000000
-4597.000000
-4598.000000
-4596.000000
-4596.000000
-4600.000000
-4600.000000
-4597.000000
-4597.000000
-4598.000000
-4600.000000
-4600.000000
-4596.000000
-4599.000000
-4600.000000
-4596.000000
-4596.000000
-4596.000000
-4597.000000
-4599.000000
-4598.000000
-4597.000000
-4597.000000
-4597.000000
-4597.000000
-4600.000000
-4596.000000
-4597.000000
-4598.000000
-4599.000000
-4600.000000
-4598.000000
-4598.000000
-4597.000000
-4600.000000
-4598.000000
-4598.000000
-4596.000000
-4599.000000
-4599.000000
-4599.000000
-4598.000000
-4596.000000
-4599.000000
-4598.000000
-4597.000000
-4600.000000
-4598.000000
-4598.000000
-4597.000000
-4600.000000
-4598.000000
-4600.000000
-4597.000000
-4599.000000
-4596.000000
-4596.000000
-4599.000000
-4600.000000
-4600.000000
-4600.000000
-4599.000000
-4600.000000
-4598.000000
-4598.000000
-4596.000000
-4596.000000
-4600.000000
-4597.000000
-4596.000000
-4596.000000
-4595.000000
-4595.000000
-4599.000000
-4596.000000
-4598.000000
-4600.000000
-4597.000000
-4599.000000
-4599.000000
-4599.000000
-4599.000000
-4597.000000
-4599.000000
-4597.000000
-4600.000000
-4596.000000
-4600.000000
-4600.000000
-4596.000000
-4598.000000
-4600.000000
-4599.000000
-4598.000000
-4598.000000
-4599.000000
-4599.000000
-4600.000000
-4598.000000
-4597.000000
-4600.000000
-4596.000000
-4599.000000
-4596.000000
-4596.000000
-4596.000000
-4600.000000
-4597.000000
-4597.000000
-4599.000000
-4596.000000
-4599.000000
-4599.000000
-4599.000000
-4597.000000
-4600.000000
-4600.000000
-4600.000000
-4599.000000
-4600.000000
-4600.000000
-4597.000000
-4595.000000
-4596.000000
-4597.000000
-4599.000000
-4599.000000
-4598.000000
-4598.000000
-4598.000000
-4599.000000
-4600.000000
-4600.000000
-4599.000000
-4596.000000
-4600.000000
-4600.000000
-4596.000000
-4597.000000
-4597.000000
-4596.000000
-4599.000000
-4596.000000
-4600.000000
-4600.000000
-4600.000000
-4600.000000
-4599.000000
-4599.000000
-4600.000000
-4600.000000
-4597.000000
-4597.000000
-4597.000000
-4596.000000
-4599.000000
-4596.000000
-4599.000000
-4596.000000
-4598.000000
-4598.000000
-4596.000000
-4596.000000
-4597.000000
-4599.000000
-4597.000000
-4597.000000
-4600.000000
-4600.000000
-4600.000000
-4597.000000
-4600.000000
-4599.000000
-4599.000000
-4600.000000
-4598.000000
-4598.000000
-4597.000000
-4598.000000
-4597.000000
-4596.000000
-4599.000000
-4597.000000
-4596.000000
-4596.000000
-4597.000000
-4600.000000
-4597.000000
-4597.000000
-4597.000000
-4599.000000
-4597.000000
-4597.000000
-4600.000000
-4599.000000
-4597.000000
-4598.000000
-4597.000000
-4597.000000
-4598.000000
-4598.000000
-4600.000000
-4599.000000
-4596.000000
-4599.000000
-4599.000000
-4600.000000
-4597.000000
-4597.000000
-4599.000000
-4600.000000
-4597.000000
-4598.000000
-4597.000000
-4598.000000
-4600.000000
-4600.000000
-4598.000000
-4597.000000
-4599.000000
-4599.000000
-4597.000000
-4600.000000
-4596.000000
-4596.000000
-4600.000000
-4599.000000
-4599.000000
-4598.000000
-4596.000000
-4598.000000
-4596.000000
-4596.000000
-4596.000000
-4598.000000
-4596.000000
-4599.000000
-4599.000000
-4599.000000
-4598.000000
-4598.000000
-4598.000000
-4599.000000
-4597.000000
-4596.000000
-4599.000000
-4597.000000
-4596.000000
-4596.000000
-4600.000000
-4598.000000
-4599.000000
-4596.000000
-4600.000000
-4598.000000
-4599.000000
-4599.000000
-4596.000000
-4599.000000
-4596.000000
-4598.000000
-4597.000000
-4598.000000
-4597.000000
-4597.000000
-4600.000000
-4599.000000
-4598.000000
-4598.000000
-4599.000000
-4600.000000
-4597.000000
-4597.000000
-4600.000000
-4597.000000
-4599.000000
-4598.000000
-4600.000000
-4596.000000
-4599.000000
-4599.000000
-4596.000000
-4596.000000
-4597.000000
-4600.000000
-4598.000000
-4600.000000
-4598.000000
-4598.000000
-4599.000000
-4598.000000
-4600.000000
-4597.000000
-4600.000000
-4600.000000
-4600.000000
-4600.000000
-4600.000000
-4598.000000
-4598.000000
-4599.000000
-4599.000000
-4599.000000
-4600.000000
-4600.000000
-4598.000000
-4600.000000
-4599.000000
-4597.000000
-4598.000000
-4599.000000
-4598.000000
-4598.000000
-4599.000000
-4599.000000
-4597.000000
-4596.000000
-4600.000000
-4597.000000
-4600.000000
-4600.000000
-4599.000000
-4597.000000
-4596.000000
-4596.000000
-4597.000000
-4596.000000
-4598.000000
-4598.000000
-4600.000000
-4599.000000
-4596.000000
-4600.000000
-4599.000000
-4599.000000
-4596.000000
-4596.000000
-4599.000000
-4598.000000
-4600.000000
-4596.000000
-4597.000000
-4598.000000
-4597.000000
-4597.000000
-4598.000000
-4599.000000
-4598.000000
-4598.000000
-4600.000000
-4598.000000
-4596.000000
-4596.000000
-4596.000000
-4600.000000
-4596.000000
-4597.000000
-4597.000000
-4597.000000
-4597.000000
-4597.000000
-4600.000000
-4599.000000
-4596.000000
-4599.000000
-4598.000000
-4597.000000
-4596.000000
-4596.000000
-4597.000000
-4598.000000
-4599.000000
-4599.000000
-4600.000000
-4600.000000
-4598.000000
-4598.000000
-4599.000000
-4600.000000
-4597.000000
-4598.000000
-4599.000000
-4599.000000
-4600.000000
-4600.000000
-4598.000000
-4596.000000
-4598.000000
-4600.000000
-4598.000000
-4600.000000
-4599.000000
-4599.000000
-4598.000000
-4600.000000
-4600.000000
-4596.000000
-4599.000000
-4597.000000
-4600.000000
-4600.000000
-4600.000000
-4598.000000
-4598.000000
-4596.000000
-4598.000000
-4600.000000
-4596.000000
-4596.000000
-4599.000000
-4597.000000
-4600.000000
-4600.000000
-4597.000000
-4600.000000
-4597.000000
-4597.000000
-4598.000000
-4597.000000
-4598.000000
-4596.000000
-4596.000000
-4597.000000
-4596.000000
-4596.000000
-4597.000000
-4599.000000
-4596.000000
-4600.000000
-4596.000000
-4596.000000
-4597.000000
-4597.000000
-4598.000000
-4600.000000
-4600.000000
-4596.000000
-4596.000000
-4600.000000
-4597.000000
-4597.000000
-4598.000000
-4596.000000
-4596.000000
-4600.000000
-4598.000000
-4600.000000
-4600.000000
-4600.000000
-4598.000000
-4596.000000
-4596.000000
-4599.000000
-4597.000000
-4596.000000
-4596.000000
-4596.000000
-4596.000000
-4596.000000
-4597.000000
-4598.000000
-4596.000000
-4599.000000
-4599.000000
-4599.000000
-4600.000000
-4596.000000
-4596.000000
-4597.000000
-4600.000000
-4597.000000
-4599.000000
-4599.000000
-4600.000000
-4596.000000
-4596.000000
-4597.000000
-4597.000000
-4599.000000
-4600.000000
-4600.000000
-4596.000000
-4599.000000
-4598.000000
-4599.000000
-4600.000000
-4598.000000
-4598.000000
-4598.000000
-4600.000000
-4598.000000
-4600.000000
-4596.000000
-4598.000000
-4596.000000
-4597.000000
-4597.000000
-4597.000000
-4598.000000
-4596.000000
-4598.000000
-4597.000000
-4599.000000
-4597.000000
-4597.000000
-4597.000000
-4597.000000
-4600.000000
-4599.000000
-4596.000000
-4598.000000
-4596.000000
-4596.000000
-4598.000000
-4597.000000
-4600.000000
-4598.000000
-4597.000000
-4595.000000
-4597.000000
-4597.000000
-4599.000000
-4596.000000
-4599.000000
-4596.000000
-4599.000000
-4596.000000
-4600.000000
-4600.000000
-4600.000000
-4600.000000
-4599.000000
-4598.000000
-4600.000000
-4597.000000
-4596.000000
-4596.000000
-4600.000000
-4600.000000
-4600.000000
-4596.000000
-4599.000000
-4597.000000
-4597.000000
-4597.000000
-4596.000000
-4600.000000
-4599.000000
-4597.000000
-4600.000000
-4600.000000
-4600.000000
-4600.000000
-4598.000000
-4597.000000
-4596.000000
-4596.000000
-4599.000000
-4597.000000
-4596.000000
-4596.000000
-4596.000000
-4597.000000
-4598.000000
-4596.000000
-4598.000000
-4600.000000
-4597.000000
-4597.000000
-4596.000000
-4597.000000
-4599.000000
-4599.000000
-4596.000000
-4597.000000
-4596.000000
-4596.000000
-4596.000000
-4596.000000
-4599.000000
-4597.000000
-4597.000000
-4597.000000
-4599.000000
-4599.000000
-4600.000000
-4599.000000
-4600.000000
-4596.000000
-4596.000000
-4597.000000
-4598.000000
-4598.000000
-4598.000000
-4600.000000
-4598.000000
-4598.000000
-4596.000000
-4598.000000
-4596.000000
-4596.000000
-4600.000000
-4600.000000
-4600.000000
-4597.000000
-4598.000000
-4597.000000
-4599.000000
-4599.000000
-4597.000000
-4598.000000
-4596.000000
-4600.000000
-4600.000000
-4599.000000
-4597.000000
-4597.000000
-4598.000000
-4598.000000
-4597.000000
-4598.000000
-4597.000000
-4596.000000
-4600.000000
-4600.000000
-4595.000000
-4597.000000
-4598.000000
-4598.000000
-4599.000000
-4599.000000
-4600.000000
-4600.000000
-4595.000000
-4600.000000
-4597.000000
-4598.000000
-4597.000000
-4596.000000
-4596.000000
-4596.000000
-4599.000000
-4596.000000
-4596.000000
-4600.000000
-4600.000000
-4596.000000
-4598.000000
-4598.000000
-4595.000000
-4599.000000
-4598.000000
-4597.000000
-4599.000000
-4600.000000
-4596.000000
-4596.000000
-4597.000000
-4596.000000
-4600.000000
-4597.000000
-4596.000000
-4598.000000
-4596.000000
-4596.000000
-4600.000000
-4599.000000
-4596.000000
-4497.000000
-4396.000000
-4299.000000
-4099.000000
-4099.000000
-4000.000000
-3896.000000
-3800.000000
-3697.000000
-3596.000000
-3497.000000
-3298.000000
-3298.000000
-3197.000000
-3099.000000
-2999.000000
-2897.000000
-2800.000000
-2696.000000
-2498.000000
-2498.000000
-2396.000000
-2298.000000
-2200.000000
-2099.000000
-1996.000000
-1899.000000
-1700.000000
-1700.000000
-1567.000000
-1436.000000
-1308.000000
-1179.000000
-1050.000000
-918.000000
-656.000000
-656.000000
-528.000000
-398.000000
-268.000000
-136.000000
-10.000000
121.000000
382.000000
382.000000
511.000000
641.000000
771.000000
902.000000
1030.000000
1062.000000
1122.000000
1122.000000
1154.000000
1182.000000
1214.000000
1242.000000
1274.000000
1304.000000
1361.000000
1361.000000
1393.000000
1422.000000
1452.000000
1482.000000
1510.000000
1544.000000
1600.000000
1600.000000
1630.000000
1662.000000
1693.000000
1724.000000
1752.000000
1783.000000
1844.000000
1844.000000
1870.000000
1903.000000
1905.000000
1904.000000
1904.000000
1903.000000
1903.000000
1903.000000
1903.000000
1900.000000
1901.000000
1902.000000
1904.000000
1901.000000
1901.000000
1901.000000
1904.000000
1903.000000
1901.000000
1900.000000
1902.000000
1901.000000
1901.000000
1901.000000
1901.000000
