Poziom cieczy: 
5.400223
5.400446
5.400446
5.400886
5.401103
5.401319
5.401532
5.401744
5.401954
5.402164
5.402164
5.402575
5.402778
5.402978
5.403176
5.403371
5.403559
5.403745
5.403745
5.404112
5.404292
5.404471
5.404648
5.404823
5.404996
5.405168
5.405168
5.405504
5.405669
5.405832
5.405994
5.406153
5.406312
5.406469
5.406469
5.406779
5.406929
5.407077
5.407225
5.407371
5.407515
5.407656
5.407656
5.407934
5.408071
5.408207
5.408339
5.408467
5.408591
5.408711
5.408711
5.408947
5.409063
5.409174
5.409284
5.409392
5.409498
5.409602
5.409602
5.409806
5.409905
5.410004
5.410101
5.410200
5.410296
5.410393
5.410393
5.410586
5.410684
5.410782
5.410881
5.410977
5.411074
5.411172
5.411172
5.411366
5.411463
5.411561
5.411659
5.411758
5.411854
5.411951
5.411951
5.412143
5.412238
5.412335
5.412430
5.412526
5.412621
5.412717
5.412717
5.412908
5.413000
5.413089
5.413178
5.413269
5.413360
5.413449
5.413449
5.413630
5.413721
5.413811
5.413901
5.413990
5.414081
5.414172
5.414172
5.414350
5.414439
5.414529
5.414618
5.414707
5.414798
5.414888
5.414888
5.415068
5.415157
5.415247
5.415337
5.415427
5.415519
5.415610
5.415610
5.415786
5.415876
5.415963
5.416051
5.416140
5.416227
5.416315
5.416315
5.416489
5.416575
5.416663
5.416749
5.416836
5.416922
5.417008
5.417008
5.417177
5.417262
5.417346
5.417431
5.417515
5.417600
5.417685
5.417685
5.417849
5.417929
5.418008
5.418087
5.418165
5.418245
5.418325
5.418325
5.418482
5.418562
5.418640
5.418718
5.418796
5.418875
5.418954
5.418954
5.419113
5.419192
5.419272
5.419351
5.419431
5.419509
5.419589
5.419589
5.419745
5.419823
5.419902
5.419982
5.420062
5.420142
5.420221
5.420221
5.420375
5.420453
5.420531
5.420609
5.420686
5.420764
5.420841
5.420841
5.420991
5.421067
5.421142
5.421217
5.421291
5.421367
5.421442
5.421442
5.421593
5.421665
5.421734
5.421804
5.421873
5.421942
5.422011
5.422011
5.422151
5.422221
5.422290
5.422361
5.422431
5.422501
5.422571
5.422571
5.422709
5.422778
5.422847
5.422918
5.422989
5.423060
5.423130
5.423130
5.423270
5.423340
5.423411
5.423481
5.423549
5.423618
5.423688
5.423688
5.423824
5.423892
5.423961
5.424029
5.424097
5.424166
5.424232
5.424232
5.424367
5.424432
5.424498
5.424564
5.424630
5.424695
5.424760
5.424760
5.424890
5.424953
5.425013
5.425072
5.425132
5.425192
5.425252
5.425252
5.425373
5.425432
5.425492
5.425552
5.425613
5.425674
5.425735
5.425735
5.425856
5.425917
5.425976
5.426036
5.426097
5.426156
5.426217
5.426217
5.426338
5.426398
5.426460
5.426520
5.426579
5.426639
5.426698
5.426698
5.426815
5.426873
5.426933
5.426991
5.427049
5.427107
5.427166
5.427166
5.427279
5.427336
5.427394
5.427450
5.427508
5.427564
5.427620
5.427620
5.427732
5.427786
5.427839
5.427890
5.427940
5.427991
5.428044
5.428044
5.428147
5.428199
5.428249
5.428300
5.428350
5.428402
5.428453
5.428453
5.428557
5.428607
5.428657
5.428707
5.428758
5.428810
5.428860
5.428910
5.428962
5.429012
5.429062
5.429112
5.429162
5.429213
5.429312
5.429362
5.429412
5.429461
5.429510
5.429510
5.429561
5.429609
5.429707
5.429707
5.429756
5.429801
5.429845
5.429889
5.429934
5.429978
5.430066
5.430066
5.430110
5.430153
5.430197
5.430240
5.430283
5.430328
5.430414
5.430458
5.430502
5.430546
5.430590
5.430590
5.430634
5.430676
5.430762
5.430762
5.430806
5.430849
5.430892
5.430935
5.430980
5.431023
5.431110
5.431110
5.431151
5.431193
5.431234
5.431275
5.431316
5.431358
5.431443
5.431483
5.431520
5.431557
5.431592
5.431592
5.431625
5.431658
5.431728
5.431763
5.431798
5.431832
5.431865
5.431865
5.431901
5.431936
5.432004
5.432039
5.432039
5.432072
5.432106
5.432175
5.432211
5.432211
5.432244
5.432278
5.432346
5.432346
5.432380
5.432415
5.432449
5.432484
5.432517
5.432551
5.432621
5.432655
5.432689
5.432725
5.432758
5.432758
5.432792
5.432822
5.432879
5.432879
5.432909
5.432938
5.432968
5.432998
5.433027
5.433057
5.432944
5.432798
5.432798
5.432593
5.432329
5.431624
5.431624
5.431183
5.430683
5.430123
5.429505
5.428827
5.428088
5.426433
5.425518
5.424543
5.423508
5.422413
5.422413
5.421262
5.420049
5.417446
5.416057
5.414609
5.413102
5.411534
5.411534
5.409907
5.408222
5.404673
5.402812
5.400892
5.398916
5.396883
5.396883
5.394791
5.392642
5.388169
5.388169
5.385848
5.383470
5.381033
5.378540
5.375989
5.373382
5.367996
5.367996
5.365218
5.362386
5.359499
5.356611
5.353723
5.350836
5.345059
5.345059
5.342171
5.339284
5.336395
5.333507
5.330618
5.327731
5.321956
5.321956
5.319069
5.316181
5.313292
5.310403
5.307514
5.304626
5.298849
5.295962
5.293075
5.290188
5.287299
5.287299
5.284412
5.281526
5.275752
5.275752
5.272866
5.269977
5.267091
5.264203
5.261314
5.258427
5.252649
5.249761
5.246873
5.243986
5.241097
5.241097
5.238210
5.235321
5.229547
5.229547
5.226658
5.223771
5.220883
5.217994
5.215106
5.212218
5.206443
5.206443
5.203555
5.200666
5.197778
5.194891
5.192002
5.189116
5.183338
5.180452
5.177565
5.174676
5.171789
5.171789
5.168902
5.166013
5.160239
5.157351
5.154462
5.151575
5.148686
5.148686
5.145797
5.142908
5.137133
5.134244
5.131357
5.128471
5.125584
5.125584
5.122697
5.119809
5.114033
5.111146
5.108258
5.105369
5.102481
5.102481
5.099592
5.096703
5.090928
5.088039
5.088039
5.085152
5.082265
5.076491
5.073603
5.070716
5.067828
5.064939
5.064939
5.062050
5.059161
5.053384
5.050496
5.047607
5.044718
5.041831
5.041831
5.038944
5.036057
5.030282
5.027394
5.024507
5.021618
5.018731
5.018731
5.015844
5.012957
5.007182
5.004294
5.001407
4.998519
4.995630
4.995630
4.992741
4.989854
4.984077
4.981188
4.981188
4.978299
4.975412
4.969637
4.966749
4.966749
4.963862
4.960975
4.955199
4.952311
4.949424
4.946537
4.943648
4.943648
4.940761
4.937873
4.932098
4.929211
4.926323
4.923434
4.920546
4.920546
4.917659
4.914771
4.908997
4.906109
4.906109
4.903221
4.900332
4.894557
4.894557
4.891669
4.888781
4.885892
4.883004
4.880117
4.877229
4.871453
4.871453
4.868565
4.865678
4.862790
4.859901
4.857012
4.854124
4.848349
4.845461
4.842573
4.839684
4.836797
4.836797
4.833911
4.831022
4.825245
4.825245
4.822357
4.819471
4.816583
4.813694
4.810807
4.807921
4.802146
4.802146
4.799258
4.796369
4.793481
4.790594
4.787706
4.784818
4.779043
4.776156
4.773268
4.770381
4.767493
4.767493
4.764606
4.761717
4.755941
4.755941
4.753054
4.750166
4.747278
4.744389
4.741501
4.738614
4.732839
4.729952
4.729952
4.727064
4.724177
4.718401
4.715512
4.712624
4.709736
4.706848
4.706848
4.703960
4.701071
4.695298
4.695298
4.692409
4.689522
4.686633
4.683746
4.680857
4.677970
4.672193
4.672193
4.669306
4.666419
4.663532
4.660643
4.657756
4.654867
4.649090
4.646202
4.643314
4.640425
4.637538
4.637538
4.634649
4.631760
4.625982
4.623093
4.623093
4.620206
4.617318
4.611541
4.611541
4.608653
4.605766
4.602877
4.599989
4.597100
4.594212
4.588437
4.585548
4.582661
4.579773
4.576885
4.576885
4.573997
4.571109
4.565334
4.562447
4.562447
4.559558
4.556669
4.550893
4.548007
4.545120
4.542233
4.539346
4.539346
4.536457
4.533569
4.527792
4.524906
4.522017
4.519128
4.516240
4.516240
4.513351
4.510464
4.504688
4.504688
4.501799
4.498913
4.496026
4.493138
4.490249
4.487362
4.481586
4.478698
4.475810
4.472921
4.470033
4.470033
4.467146
4.464259
4.458484
4.455597
4.455597
4.452710
4.449823
4.444048
4.441161
4.438272
4.435384
4.432497
4.432497
4.429609
4.426721
4.420947
4.420947
4.418060
4.415173
4.412285
4.409397
4.406508
4.403619
4.397842
4.394954
4.392066
4.389177
4.386289
4.386289
4.383402
4.380513
4.374736
4.371847
4.368959
4.366073
4.363185
4.363185
4.360296
4.357408
4.351632
4.351632
4.348743
4.345856
4.342967
4.340078
4.337191
4.334303
4.328528
4.325639
4.322750
4.319862
4.316974
4.316974
4.314088
4.311200
4.305424
4.302538
4.299649
4.296762
4.293873
4.293873
4.290984
4.288097
4.282320
4.279433
4.276545
4.273658
4.270770
4.270770
4.267883
4.264997
4.259221
4.256334
4.253447
4.250558
4.247672
4.247672
4.244783
4.241896
4.236122
4.233235
4.230347
4.227458
4.224569
4.224569
4.221683
4.218796
4.213021
4.210133
4.210133
4.207246
4.204359
4.198583
4.195696
4.192807
4.189919
4.187030
4.187030
4.184146
4.181267
4.175518
4.175518
4.172649
4.169784
4.166922
4.164065
4.161212
4.158362
4.152672
4.149834
4.146997
4.144166
4.141336
4.141336
4.138511
4.135691
4.130061
4.127250
4.127250
4.124444
4.121641
4.116045
4.113255
4.113255
4.110468
4.107685
4.104905
4.102128
4.099355
4.096584
4.093820
4.091058
4.088299
4.085544
4.080046
4.077302
4.074562
4.071825
4.069093
4.069093
4.066363
4.063639
4.058202
4.055489
4.052779
4.050074
4.047371
4.047371
4.044673
4.041978
4.036599
4.033916
4.031236
4.028560
4.025888
4.025888
4.023217
4.020551
4.015232
4.012578
4.009928
4.007281
4.004638
4.004638
4.001998
3.999362
3.994103
3.991477
3.988857
3.986239
3.983626
3.983626
3.981016
3.978410
3.973209
3.970613
3.970613
3.968021
3.965432
3.960266
3.957689
3.955115
3.952546
3.949979
3.949979
3.947419
3.944859
3.939748
3.937195
3.934640
3.932086
3.929532
3.929532
3.926978
3.924424
3.919314
3.916760
3.914204
3.911649
3.909094
3.909094
3.906539
3.903984
3.898877
3.896324
3.896324
3.893769
3.891215
3.886108
3.883555
3.881001
3.878447
3.875893
3.875893
3.873339
3.870783
3.865675
3.863122
3.860568
3.858013
3.855458
3.855458
3.852904
3.850351
3.845244
3.845244
3.842691
3.840137
3.837582
3.835028
3.832474
3.829921
3.824812
3.822256
3.819701
3.817146
3.814592
3.814592
3.812039
3.809485
3.804376
3.801822
3.799266
3.796712
3.794157
3.794157
3.791604
3.789049
3.783943
3.783943
3.781387
3.778832
3.776276
3.773722
3.771168
3.768614
3.763504
3.763504
3.760950
3.758396
3.755842
3.753287
3.750731
3.748176
3.743067
3.743067
3.740513
3.737958
3.735404
3.732850
3.730296
3.727743
3.722633
3.720080
3.720080
3.717526
3.714972
3.709862
3.709862
3.707307
3.704752
3.702197
3.699644
3.697088
3.694534
3.689426
3.686873
3.684318
3.681764
3.679209
3.679209
3.676656
3.674103
3.668992
3.668992
3.666438
3.663885
3.661331
3.658778
3.656223
3.653668
3.648559
3.648559
3.646004
3.643449
3.640896
3.638342
3.635789
3.633233
3.628126
3.625572
3.623018
3.620464
3.617909
3.617909
3.615354
3.612801
3.607693
3.605138
3.602583
3.600028
3.597473
3.597473
3.594919
3.592364
3.587257
3.584703
3.582147
3.579593
3.577039
3.577039
3.574484
3.571929
3.566819
3.564266
3.564266
3.561711
3.559157
3.554049
3.554049
3.551493
3.548938
3.546385
3.543830
3.541275
3.538719
3.533612
3.531058
3.531058
3.528503
3.525947
3.520838
3.518284
3.515730
3.513176
3.510621
3.510621
3.508068
3.505512
3.500403
3.500403
3.497848
3.495293
3.492738
3.490183
3.487629
3.485073
3.479965
3.477411
3.477411
3.474857
3.472303
3.467195
3.467195
3.464642
3.462088
3.459534
3.456979
3.454425
3.451871
3.446762
3.444206
3.441653
3.439099
3.436544
3.436544
3.433988
3.431434
3.426327
3.426327
3.423772
3.421218
3.418664
3.416111
3.413555
3.411001
3.405895
3.405895
3.403342
3.400788
3.398233
3.395679
3.393126
3.390570
3.385461
3.382907
3.380352
3.377798
3.375243
3.375243
3.372689
3.370136
3.367581
3.367581
3.362471
3.359916
3.357362
3.354807
3.352252
3.349697
3.344588
3.344588
3.342033
3.339479
3.336926
3.334371
3.331817
3.329263
3.324154
3.321601
3.319046
3.316490
3.313936
3.313936
3.311381
3.308827
3.303720
3.303720
3.301166
3.298611
3.296058
3.293503
3.290949
3.288394
3.283284
3.283284
3.280728
3.278175
3.275620
3.273066
3.270510
3.267956
3.262845
3.260291
3.257737
3.255182
3.252627
3.252627
3.250074
3.247519
3.242410
3.239854
3.237301
3.234746
3.232191
3.232191
3.229637
3.227082
3.221972
3.219417
3.216863
3.214309
3.211754
3.211754
3.209201
3.206646
3.201537
3.198981
3.196427
3.193872
3.191316
3.191316
3.188762
3.186207
3.181099
3.178545
3.175990
3.173436
3.170882
3.170882
3.168328
3.165773
3.160664
3.158110
3.155556
3.153003
3.150448
3.150448
3.147894
3.145341
3.140234
3.137679
3.135124
3.132571
3.130015
3.130015
3.127462
3.124908
3.119801
3.117245
3.117245
3.114691
3.112136
3.107027
3.107027
3.104473
3.101917
3.099362
3.096808
3.094253
3.091698
3.086589
3.084036
3.081481
3.078928
3.076373
3.076373
3.073818
3.071263
3.066153
3.063598
3.061044
3.058491
3.055936
3.055936
3.053382
3.050828
3.045718
3.045718
3.043164
3.040611
3.038057
3.035501
3.032947
3.030393
3.025284
3.022731
3.022731
3.020177
3.017623
3.012512
3.012512
3.009959
3.007404
3.004849
3.002296
2.999740
2.997186
2.992075
2.992075
2.989519
2.986965
2.984410
2.981856
2.979301
2.976747
2.971639
2.971639
2.969084
2.966530
2.963976
2.961421
2.958867
2.956313
2.951204
2.948651
2.946097
2.943542
2.940988
2.940988
2.938432
2.935878
2.930768
2.928214
2.925661
2.923105
2.920551
2.920551
2.917997
2.915444
2.910337
2.907783
2.905228
2.902673
2.900118
2.900118
2.897563
2.895009
2.889901
2.887346
2.884792
2.882239
2.879684
2.879684
2.877131
2.874576
2.869469
2.869469
2.866916
2.864361
2.861806
2.859252
2.856698
2.854144
2.849035
2.849035
2.846481
2.843926
2.841372
2.838819
2.836263
2.833709
2.828602
2.826047
2.823493
2.820938
2.818382
2.818382
2.815829
2.813274
2.808163
2.805609
2.803055
2.800500
2.797946
2.797946
2.795392
2.792837
2.787728
2.785173
2.782618
2.780064
2.777510
2.777510
2.774957
2.772402
2.767292
2.764738
2.762183
2.759629
2.757076
2.757076
2.754521
2.751966
2.746857
2.746857
2.744302
2.741749
2.739194
2.736641
2.734087
2.731531
2.726423
2.723869
2.721314
2.718759
2.716203
2.716203
2.713648
2.711093
2.705982
2.703429
2.700875
2.698321
2.695768
2.695768
2.693214
2.690659
2.685552
2.685552
2.682996
2.680441
2.677886
2.675331
2.672776
2.670222
2.665112
2.665112
2.662557
2.660002
2.657448
2.654894
2.652339
2.649784
2.644677
2.644677
2.642122
2.639567
2.637012
2.634458
2.631904
2.629350
2.624242
2.621687
2.619134
2.616579
2.614024
2.614024
2.611468
2.608914
2.603807
2.603807
2.601252
2.598697
2.596142
2.593587
2.591032
2.588477
2.583368
2.580814
2.578259
2.575704
2.573149
2.573149
2.570594
2.568039
2.562932
2.560379
2.557824
2.555271
2.552717
2.552717
2.550163
2.547608
2.542501
2.542501
2.539946
2.537390
2.534837
2.532283
2.529730
2.527174
2.522068
2.519513
2.519513
2.516959
2.514403
2.509293
2.509293
2.506739
2.504183
2.501629
2.499076
2.496522
2.493967
2.488861
2.486306
2.483751
2.481196
2.478642
2.478642
2.476087
2.473532
2.468423
2.465868
2.463313
2.460759
2.458206
2.458206
2.455652
2.453097
2.447988
2.445435
2.442880
2.440325
2.437771
2.437771
2.435216
2.432661
2.427553
2.427553
2.424998
2.422444
2.419890
2.417336
2.414781
2.412225
2.407114
2.404559
2.404559
2.402006
2.399451
2.394343
2.391787
2.391787
2.389232
2.386678
2.381571
2.381571
2.379016
2.376461
2.373905
2.371350
2.368797
2.366241
2.361133
2.358578
2.356023
2.353469
2.350915
2.350915
2.348359
2.345806
2.340697
2.340697
2.338142
2.335588
2.333033
2.330478
2.327923
2.325369
2.320262
2.320262
2.317708
2.315154
2.312600
2.310046
2.307492
2.304938
2.299829
2.299829
2.297273
2.294719
2.292163
2.289609
2.287054
2.284499
2.279391
2.276838
2.274283
2.271728
2.269174
2.269174
2.266618
2.264063
2.258955
2.258955
2.256401
2.253846
2.251292
2.248738
2.246184
2.243629
2.238520
2.235966
2.235966
2.233412
2.230857
2.225748
2.223194
2.220641
2.218087
2.215533
2.215533
2.212978
2.210424
2.205315
2.202760
2.200205
2.197651
2.195097
2.195097
2.200000
2.200000
2.200000
2.200000
2.200000
2.200000
2.200000
2.200000
2.200000
2.200000
2.200000
2.200000
2.200000
2.200000
2.200000
2.200000
2.200000
2.200000
2.200000
2.200000
2.200000
2.200000
2.200000
2.200000
2.200000
2.200000
2.200000
2.200000
2.200000
2.200000
2.200000
2.200000
2.200000
2.200000
2.200000
2.200000
2.200000
2.200000
2.200000
2.200000
2.200000
2.200000
2.200000
2.200000
2.200000
2.200000
2.200000
2.200000
2.200000
2.200000
2.200000
2.200000
2.200000
2.200000
2.200000
2.200000
2.200000
2.200000
2.200000
2.200000
2.200000
2.200000
2.200000
2.200000
2.200000
2.200000
2.200000
2.200000
2.200000
2.200000
2.200000
2.200000
2.200000
2.200000
2.200000
2.200000
2.200000
2.200000
2.200000
2.200000
2.200000
2.200000
2.200000
2.200000
2.200000
2.200000
2.200000
2.200000
2.200000
2.200000
2.200000
2.200000
2.200000
2.200000
2.200000
2.200000
2.200000
2.200000
2.200000
2.200000
2.200000
2.200000
2.200000
2.200000
2.200000
2.200000
2.200000
2.200000
2.200000
2.200000
2.200000
2.200000
2.200000
2.200000
2.200000
2.200000
2.200000
2.200000
2.200000
2.200000
2.200000
2.200000
2.200000
2.200000
2.200000
2.200000
2.200000
2.200000
2.200000
2.200000
2.200000
2.200000
2.200000
2.200000
2.200000
2.200000
2.200000
2.200000
2.200000
2.200000
2.200000
2.200000
2.200000
2.200000
2.200000
2.200000
2.200000
2.200000
2.200000
2.200000
2.200000
2.200000
2.200000
2.200000
2.200000
2.200000
2.200000
2.200000
2.200000
2.200000
2.200000
2.200000
2.200000
2.200000
2.200000
2.200000
2.200000
2.200000
2.200000
2.200000
2.200000
2.200000
2.200000
2.200000
2.200000
2.200000
2.200000
2.200000
2.200000
2.200000
2.200000
2.200000
2.200000
2.200000
2.200000
2.200000
2.200000
2.200000
2.200000
2.200000
2.200000
2.200000
2.200000
2.200000
2.200000
2.200000
2.200000
2.200000
2.200000
2.200000
2.200000
2.200000
2.200000
2.200000
2.200000
2.200000
2.200000
2.200000
2.200000
2.200000
2.200000
2.200000
2.200000
2.200000
2.200000
2.200000
2.200000
2.200000
2.200000
2.200000
2.200000
2.200000
2.200000
2.200000
2.200000
2.200000
2.200000
2.200000
2.200000
2.200000
2.200000
2.200000
2.200000
2.200000
2.200000
2.200000
2.200000
2.200000
2.200000
2.200000
2.200000
2.200000
2.200000
2.200000
2.200000
2.200000
2.200000
2.200000
2.200000
2.200000
2.200000
2.200000
2.200000
2.200000
2.200000
2.200000
2.200000
2.200000
2.200000
2.200000
2.200000
2.200000
2.200000
2.200000
2.200000
2.200000
2.200000
2.200000
2.200000
2.200000
2.200000
2.200000
2.200000
2.200000
2.200000
2.200000
2.200000
2.200000
2.200000
2.200000
2.200000
2.200000
2.200000
2.200000
2.200000
2.200000
2.200000
2.200000
2.200000
2.200000
2.200000
2.200000
2.200000
2.200000
2.200000
2.200000
2.200000
2.200000
2.200000
2.200000
2.200000
2.200000
2.200000
2.200000
2.200000
2.200000
2.200000
2.200000
2.200000
2.200000
2.200000
2.200000
2.200000
2.200000
2.200000
2.200000
2.200000
2.200000
2.200000
2.200000
2.200000
2.200000
2.200000
2.200000
2.200000
2.200000
2.200000
2.200000
2.200000
2.200000
2.200000
2.200000
2.200000
2.200000
2.200000
2.200000
2.200000
2.200000
2.200000
2.200000
2.200000
2.200000
2.200000
2.200000
2.200000
2.200000
2.200000
2.200000
2.200000
2.200000
2.200000
2.200000
2.200000
2.200000
2.200000
2.200000
2.200000
2.200000
2.200000
2.200000
2.200000
2.200000
2.200000
2.200000
2.200000
2.200000
2.200000
2.200000
2.200000
2.200000
2.200000
2.200000
2.200000
2.200000
2.200000
2.200000
2.200000
2.200000
2.200000
2.200000
2.200000
2.200000
2.200000
2.200000
2.200000
2.200000
2.200000
2.200000
2.200000
2.200000
2.200000
2.200000
2.200000
2.200000
2.200000
2.200000
2.200000
2.200000
2.200000
2.200000
2.200000
2.200000
2.200000
2.200000
2.200000
2.200000
2.200000
2.200000
2.200000
2.200000
2.200000
2.200000
2.200000
2.200000
2.200000
2.200000
2.200000
2.200000
2.200000
2.200000
2.200000
2.200000
2.200000
2.200000
2.200000
2.200000
2.200000
2.200000
2.200000
2.200000
2.200000
2.200000
2.200000
2.200000
2.200000
2.200000
2.200000
2.200000
2.200000
2.200000
2.200000
2.200000
2.200000
2.200000
2.200000
2.200000
2.200000
2.200000
2.200000
2.200000
2.200000
2.200000
2.200000
2.200000
2.200000
2.200000
2.200000
2.200000
2.200000
2.200000
2.200000
2.200000
2.200000
2.200000
2.200000
2.200000
2.200000
2.200000
2.200000
2.200000
2.200000
2.200000
2.200000
2.200000
2.200000
2.200000
2.200000
2.200000
2.200000
2.200000
2.200000
2.200000
2.200000
2.200000
2.200000
2.195319
2.195819
2.196092
2.196381
2.196688
2.197012
2.197012
2.197352
2.197708
2.198471
2.198471
2.198877
2.199302
2.199742
2.200199
2.200671
2.201162
2.202193
2.202734
2.203289
2.203862
2.204452
2.204452
2.205059
2.205682
2.206979
2.207652
2.208341
2.209047
2.209772
2.209772
2.210511
2.211267
2.212829
2.213636
2.214458
2.215298
2.216155
2.216155
2.217027
2.217917
2.219747
2.220686
2.221641
2.222614
2.223604
2.223604
2.224611
2.225634
2.227730
2.227730
2.228786
2.229843
2.230899
2.231958
2.233016
2.234072
2.236185
2.237242
2.238299
2.239357
2.240413
2.240413
2.241471
2.242527
2.244641
2.245697
2.246752
2.247808
2.248864
2.248864
2.249920
2.250978
2.253089
2.254147
2.255204
2.256261
2.257317
2.257317
2.258374
2.259432
2.261547
2.262603
2.263661
2.264717
2.265773
2.265773
2.266828
2.267884
2.269997
2.271054
2.272112
2.273168
2.274224
2.274224
2.275282
2.276338
2.278452
2.278452
2.279508
2.280563
2.281621
2.282677
2.283735
2.284791
2.286904
2.287961
2.289018
2.290076
2.291133
2.291133
2.292189
2.293245
2.295358
2.296416
2.297473
2.298529
2.299586
2.299586
2.300643
2.301701
2.303814
2.304871
2.304871
2.305926
2.306982
2.309096
2.310152
2.311208
2.312266
2.313322
2.313322
2.314378
2.315436
2.317549
2.318607
2.319663
2.320718
2.321774
2.321774
2.322832
2.323890
2.326005
2.326005
2.327061
2.328118
2.329176
2.330233
2.331292
2.332348
2.334462
2.335518
2.336574
2.337631
2.338689
2.338689
2.339746
2.340801
2.342913
2.343970
2.345027
2.346083
2.347140
2.347140
2.348198
2.349254
2.351369
2.352424
2.353482
2.354540
2.355598
2.355598
2.356654
2.357711
2.359824
2.360881
2.361937
2.362992
2.364050
2.364050
2.365107
2.366162
2.368275
2.368275
2.369331
2.370388
2.371444
2.372501
2.373558
2.374616
2.376729
2.377784
2.378842
2.379898
2.380953
2.380953
2.382011
2.383067
2.385182
2.386238
2.387294
2.388351
2.389407
2.389407
2.390464
2.391520
2.393632
2.393632
2.394688
2.395744
2.396801
2.397857
2.398913
2.399970
2.402083
2.403139
2.404197
2.405253
2.406311
2.406311
2.407368
2.408426
2.410540
2.410540
2.411596
2.412654
2.413711
2.414769
2.415825
2.416881
2.418993
2.420050
2.421106
2.422163
2.423221
2.423221
2.424276
2.425333
2.427447
2.428505
2.429561
2.430618
2.431674
2.431674
2.432732
2.433788
2.435903
2.435903
2.436959
2.438017
2.439074
2.440132
2.441189
2.442246
2.444359
2.444359
2.445416
2.446472
2.447528
2.448584
2.449642
2.450698
2.451756
2.451756
2.453869
2.454927
2.455982
2.457039
2.458097
2.459154
2.461269
2.461269
2.462327
2.463384
2.464440
2.465497
2.466554
2.467609
2.469722
2.470779
2.471834
2.472891
2.473947
2.473947
2.475003
2.476061
2.478175
2.479232
2.480290
2.481346
2.482403
2.482403
2.483461
2.484518
2.486631
2.486631
2.487687
2.488743
2.489801
2.490857
2.491913
2.492971
2.495084
2.496140
2.497197
2.498253
2.499311
2.499311
2.500366
2.501423
2.503538
2.504595
2.504595
2.505653
2.506711
2.508826
2.509882
2.510938
2.511993
2.513051
2.513051
2.514107
2.515163
2.517278
2.518335
2.519391
2.520446
2.521503
2.521503
2.522561
2.523618
2.525733
2.525733
2.526788
2.527844
2.528901
2.529958
2.531014
2.532072
2.534187
2.535243
2.535243
2.536300
2.537356
2.539469
2.540526
2.540526
2.541583
2.542639
2.544753
2.545809
2.546866
2.547923
2.548979
2.548979
2.550035
2.551091
2.553202
2.554258
2.555316
2.556371
2.557428
2.557428
2.558484
2.559542
2.561655
2.562712
2.562712
2.563769
2.564827
2.566939
2.566939
2.567997
2.569053
2.570109
2.571166
2.572222
2.573279
2.574337
2.574337
2.576451
2.577507
2.578563
2.579621
2.580678
2.581736
2.583852
2.583852
2.584909
2.585967
2.587024
2.588082
2.589139
2.590194
2.592308
2.592308
2.593365
2.594423
2.595481
2.596537
2.597594
2.598651
2.600763
2.601821
2.602879
2.603936
2.604991
2.604991
2.606048
2.607104
2.609218
2.610276
2.611332
2.612388
2.613445
2.613445
2.614501
2.615558
2.617672
2.618728
2.619785
2.620842
2.621899
2.621899
2.622956
2.624013
2.626127
2.627183
2.628240
2.629298
2.630356
2.630356
2.631411
2.632468
2.634582
2.635639
2.636694
2.637752
2.638809
2.638809
2.639864
2.640922
2.643033
2.644089
2.645144
2.646201
2.647257
2.647257
2.648314
2.649371
2.651485
2.651485
2.652543
2.653600
2.654657
2.655713
2.656771
2.657828
2.659943
2.659943
2.660999
2.662057
2.663114
2.664169
2.665226
2.666282
2.668396
2.669451
2.670509
2.671567
2.672623
2.672623
2.673680
2.674738
2.676850
2.676850
2.677908
2.678964
2.680021
2.681076
2.682133
2.683191
2.684246
2.684246
2.686358
2.687416
2.688471
2.689529
2.690584
2.691640
2.693753
2.694811
2.695869
2.696924
2.697982
2.697982
2.699040
2.700098
2.701154
2.701154
2.703269
2.704325
2.705383
2.706438
2.707495
2.708552
2.710664
2.711721
2.712778
2.713834
2.714892
2.714892
2.715949
2.717006
2.719121
2.720178
2.721236
2.722293
2.723350
2.723350
2.724407
2.725465
2.727577
2.727577
2.728634
2.729690
2.730746
2.731802
2.732859
2.733917
2.736029
2.736029
2.737084
2.738142
2.739197
2.740253
2.741309
2.742366
2.744479
2.745535
2.746591
2.747648
2.748704
2.748704
2.749761
2.750817
2.752931
2.752931
2.753986
2.755043
2.756101
2.757157
2.758213
2.759270
2.761384
2.761384
2.762441
2.763498
2.764556
2.765611
2.766667
2.767724
2.769837
2.769837
2.770893
2.771949
2.773006
2.774063
2.775120
2.776176
2.778289
2.779346
2.780403
2.781460
2.782517
2.782517
2.783575
2.784632
2.786747
2.787804
2.788859
2.789915
2.790972
2.790972
2.792029
2.793086
2.795199
2.795199
2.796257
2.797313
2.798369
2.799426
2.800483
2.801540
2.803653
2.803653
2.804708
2.805765
2.806821
2.807878
2.808936
2.809991
2.812107
2.813164
2.813164
2.814221
2.815278
2.817391
2.818448
2.819504
2.820561
2.821616
2.821616
2.822672
2.823727
2.825839
2.826896
2.826896
2.827953
2.829010
2.831121
2.831121
2.832178
2.833235
2.834293
2.835349
2.836405
2.837463
2.839577
2.840634
2.841690
2.842746
2.843802
2.843802
2.844857
2.845914
2.848028
2.848028
2.849084
2.850141
2.851196
2.852254
2.853312
2.854369
2.856482
2.856482
2.857541
2.858597
2.859652
2.860709
2.861766
2.862823
2.864937
2.865993
2.867049
2.868105
2.869162
2.869162
2.870217
2.871274
2.873386
2.874443
2.875498
2.876556
2.877611
2.877611
2.878668
2.879724
2.881836
2.882894
2.883951
2.885008
2.886065
2.886065
2.887121
2.888178
2.890292
2.891348
2.892404
2.893460
2.894517
2.894517
2.895576
2.896633
2.898745
2.898745
2.899801
2.900857
2.901913
2.902971
2.904027
2.905084
2.907199
2.908256
2.909312
2.910368
2.911424
2.911424
2.912482
2.913537
2.915649
2.916706
2.917762
2.918819
2.919876
2.919876
2.920933
2.921990
2.924102
2.924102
2.925159
2.926216
2.927273
2.928329
2.929385
2.930441
2.932556
2.933612
2.934668
2.935724
2.936782
2.936782
2.937838
2.938895
2.939951
2.941007
2.942065
2.943121
2.944178
2.945234
2.946290
2.947346
2.949459
2.950516
2.951572
2.952628
2.953686
2.953686
2.954744
2.955801
2.957916
2.958973
2.958973
2.960031
2.961088
2.963204
2.964260
2.965317
2.966373
2.967429
2.967429
2.968485
2.969541
2.971654
2.972709
2.973765
2.974823
2.975878
2.975878
2.976936
2.977991
2.980104
2.980104
2.981161
2.982218
2.983276
2.984333
2.985389
2.986447
2.988559
2.988559
2.989617
2.990674
2.991731
2.992786
2.993843
2.994899
2.997015
2.997015
2.998072
2.999128
3.000184
3.001241
3.002298
3.003355
3.005471
3.006527
3.006527
3.007583
3.008639
3.010752
3.011810
3.012868
3.013925
3.014982
3.014982
3.016039
3.017096
3.019207
3.019207
3.020264
3.021322
3.022379
3.023434
3.024491
3.025549
3.027663
3.028720
3.028720
3.029776
3.030832
3.032945
3.034001
3.035057
3.036113
3.037169
3.037169
3.038224
3.039281
3.041392
3.041392
3.042450
3.043506
3.044564
3.045621
3.046679
3.047736
3.049849
3.050906
3.051962
3.053018
3.054074
3.054074
3.055132
3.056188
3.058301
3.059358
3.060414
3.061471
3.062526
3.062526
3.063582
3.064639
3.066754
3.067811
3.068867
3.069923
3.070981
3.070981
3.072037
3.073094
3.075207
3.076264
3.076264
3.077321
3.078378
3.080490
3.081547
3.081547
3.082603
3.083659
3.085772
3.086828
3.087884
3.088940
3.089998
3.089998
3.091053
3.092109
3.093167
3.093167
3.095281
3.096336
3.097394
3.098451
3.099507
3.100564
3.102678
3.103734
3.104791
3.105848
3.106906
3.106906
3.107964
3.109021
3.111132
3.112189
3.113247
3.114304
3.115361
3.115361
3.116416
3.117473
3.119585
3.120641
3.121698
3.122754
3.123810
3.123810
3.124866
3.125922
3.128035
3.129093
3.130149
3.131206
3.132263
3.132263
3.133319
3.134376
3.136488
3.136488
3.137544
3.138600
3.139657
3.140715
3.141772
3.142828
3.144939
3.144939
3.145995
3.147052
3.148108
3.149166
3.150223
3.151280
3.153393
3.153393
3.154449
3.155507
3.156563
3.157621
3.158678
3.159735
3.161848
3.162903
3.163959
3.165016
3.166072
3.166072
3.167129
3.168187
3.170302
3.170302
3.171360
3.172416
3.173472
3.174528
3.175585
3.176641
3.178753
3.179810
3.180867
3.181924
3.182981
3.182981
3.184037
3.185093
3.187205
3.188261
3.189318
3.190374
3.191432
3.191432
3.192487
3.193543
3.194599
3.195655
3.196712
3.197769
3.198826
3.199881
3.200937
3.201992
3.204108
3.205166
3.206221
3.207279
3.208337
3.208337
3.209394
3.210450
3.212562
3.212562
3.213618
3.214676
3.215733
3.216788
3.217844
3.218899
3.221013
3.221013
3.222069
3.223125
3.224181
3.225238
3.226293
3.227351
3.229465
3.230521
3.231577
3.232633
3.233691
3.233691
3.234749
3.235806
3.237919
3.238976
3.240032
3.241089
3.242147
3.242147
3.243203
3.244259
3.245316
3.245316
3.247430
3.248486
3.249542
3.250598
3.251656
3.252712
3.254824
3.254824
3.255880
3.256938
3.257996
3.259053
3.260110
3.261167
3.263282
3.264338
3.265394
3.266451
3.267508
3.267508
3.268566
3.269622
3.271736
3.271736
3.272793
3.273850
3.274906
3.275963
3.277022
3.278078
3.280192
3.281248
3.282306
3.283363
3.284419
3.284419
3.285477
3.286534
3.287589
3.287589
3.289703
3.290760
3.291816
3.292873
3.293930
3.294988
3.297101
3.297101
3.298156
3.299212
3.300268
3.301325
3.302382
3.303438
3.305552
3.306610
3.307667
3.308723
3.309779
3.309779
3.310836
3.311892
3.314003
3.315061
3.315061
3.316118
3.317174
3.319288
3.320346
3.321403
3.322460
3.323516
3.323516
3.324572
3.325628
3.327742
3.328798
3.329854
3.330909
3.331966
3.331966
3.333022
3.334078
3.336192
3.336192
3.337249
3.338306
3.339362
3.340418
3.341476
3.342533
3.343589
3.344647
3.345704
3.346762
3.347819
3.348874
3.349932
3.350987
3.353100
3.354157
3.355214
3.356271
3.357328
3.357328
3.358385
3.359441
3.361555
3.362611
3.363669
3.364727
3.365783
3.365783
3.366841
3.367897
3.370008
3.371064
3.372119
3.373177
3.374233
3.374233
3.375291
3.376348
3.378461
3.378461
3.379517
3.380572
3.381629
3.382686
3.383741
3.384798
3.386913
3.386913
3.387969
3.389026
3.390082
3.391140
3.392198
3.393256
3.395368
3.396424
3.397483
3.398540
3.399596
3.399596
3.400652
3.401708
3.403821
3.404878
3.405936
3.406992
3.408050
3.408050
3.409107
3.410164
3.412278
3.412278
3.413334
3.414391
3.415447
3.416504
3.417559
3.418617
3.420729
3.421787
3.422842
3.423900
3.424957
3.424957
3.426014
3.427072
3.429184
3.429184
3.430242
3.431299
3.432355
3.433413
3.434471
3.435527
3.436584
3.437640
3.438698
3.439756
3.440811
3.441867
3.442924
3.443981
3.445038
3.446096
3.447153
3.448211
3.449267
3.450323
3.451379
3.452435
3.454549
3.454549
3.455607
3.456663
3.457719
3.458776
3.459833
3.460890
3.461947
3.461947
3.464059
3.465116
3.466172
3.467230
3.468287
3.469344
3.471456
3.472513
3.472513
3.473568
3.474625
3.476736
3.476736
3.477792
3.478847
3.479904
3.480961
3.482018
3.483075
3.485189
3.485189
3.486247
3.487304
3.488360
3.489417
3.490474
3.491531
3.493643
3.493643
3.494701
3.495759
3.496816
3.497872
3.498929
3.499986
3.502099
3.503155
3.504213
3.505269
3.506327
3.506327
3.507382
3.508438
3.510552
3.510552
3.511607
3.512663
3.513719
3.514776
3.515833
3.516888
3.519002
3.520059
3.520059
3.521116
3.522173
3.524288
3.525346
3.526403
3.527461
3.528517
3.528517
3.529573
3.530630
3.532741
3.533797
3.534854
3.535910
3.536966
3.536966
3.538023
3.539078
3.541193
3.541193
3.542251
3.543308
3.544366
3.545423
3.546479
3.547534
3.549647
3.550703
3.551759
3.552816
3.553874
3.553874
3.554929
3.555985
3.558099
3.558099
3.559156
3.560214
3.561270
3.562327
3.563384
3.564440
3.566554
3.567612
3.568669
3.569726
3.570782
3.570782
3.571839
3.572895
3.575008
3.576066
3.577122
3.578179
3.579237
3.579237
3.580292
3.581350
3.583463
3.584518
3.585575
3.586633
3.587691
3.587691
3.588747
3.589803
3.591917
3.592974
3.594031
3.595087
3.596145
3.596145
3.597203
3.598258
3.600369
3.600369
3.601426
3.602482
3.603538
3.604596
3.605653
3.606711
3.608822
3.609879
3.610937
3.611994
3.613051
3.613051
3.614108
3.615163
3.616220
3.616220
3.618333
3.619389
3.620446
3.621503
3.622561
3.623617
3.625729
3.625729
3.626785
3.627842
3.628897
3.629954
3.631010
3.632066
3.634179
3.635236
3.636293
3.637349
3.638406
3.638406
3.639462
3.640518
3.642631
3.642631
3.643687
3.644742
3.645798
3.646854
3.647910
3.648966
3.651079
3.652137
3.653192
3.654249
3.655306
3.655306
3.656362
3.657419
3.659533
3.660591
3.661647
3.662704
3.663759
3.663759
3.664816
3.665872
3.667984
3.669042
3.670099
3.671157
3.672215
3.672215
3.673272
3.674328
3.676441
3.676441
3.677499
3.678554
3.679612
3.680669
3.681725
3.682781
3.684896
3.684896
3.685954
3.687011
3.688068
3.689124
3.690182
3.691238
3.693351
3.694408
3.694408
3.695464
3.696521
3.698635
3.699692
3.700748
3.701803
3.702861
3.702861
3.703919
3.704977
3.707088
3.708144
3.709201
3.710259
3.711315
3.711315
3.712371
3.713428
3.715539
3.716596
3.717654
3.718709
3.719766
3.719766
3.720823
3.721881
3.723992
3.723992
3.725048
3.726104
3.727161
3.728217
3.729273
3.730329
3.732442
3.733498
3.734554
3.735611
3.736667
3.736667
3.737724
3.738781
3.740894
3.741952
3.743009
3.744064
3.745122
3.745122
3.746178
3.747233
3.749347
3.750405
3.751462
3.752521
3.753577
3.753577
3.754633
3.755690
3.757803
3.757803
3.758858
3.759914
3.760972
3.762029
3.763085
3.764141
3.766253
3.767309
3.768365
3.769421
3.770477
3.770477
3.771534
3.772589
3.774703
3.775761
3.776818
3.777876
3.778933
3.778933
3.779991
3.781048
3.782106
3.782106
3.784217
3.785273
3.786330
3.787387
3.788443
3.789499
3.791615
3.792672
3.793728
3.794784
3.795842
3.795842
3.796898
3.797953
3.800068
3.801126
3.802181
3.803237
3.804294
3.804294
3.805349
3.806405
3.808518
3.809576
3.810632
3.811690
3.812746
3.812746
3.813804
3.814861
3.816974
3.818032
3.819089
3.820144
3.821202
3.821202
3.822259
3.823316
3.825428
3.826486
3.827543
3.828601
3.829657
3.829657
3.830714
3.831771
3.833884
3.833884
3.834941
3.835998
3.837055
3.838111
3.839168
3.840224
3.842337
3.843394
3.844450
3.845506
3.846562
3.846562
3.847619
3.848676
3.850789
3.851846
3.852902
3.853958
3.855014
3.855014
3.856072
3.857129
3.859242
3.860298
3.861356
3.862413
3.863470
3.863470
3.864526
3.865582
3.867696
3.867696
3.868753
3.869810
3.870867
3.871923
3.872980
3.874036
3.876149
3.877205
3.878262
3.879319
3.880376
3.880376
3.881434
3.882489
3.884603
3.884603
3.885660
3.886717
3.887774
3.888831
3.889887
3.890945
3.893059
3.893059
3.894116
3.895173
3.896228
3.897285
3.898342
3.899399
3.901511
3.902568
3.903626
3.904682
3.905738
3.905738
3.906795
3.907852
3.909967
3.909967
3.911024
3.912081
3.913139
3.914196
3.915253
3.916309
3.918425
3.919481
3.920537
3.921593
3.922649
3.922649
3.923705
3.924763
3.926876
3.927932
3.928987
3.930043
3.931099
3.931099
3.932156
3.933212
3.934268
3.935325
3.936382
3.937439
3.938496
3.939552
3.940609
3.941666
3.943781
3.944838
3.945896
3.946953
3.948011
3.948011
3.949067
3.950124
3.951182
3.952238
3.953294
3.954350
3.955407
3.956463
3.957520
3.958577
3.960691
3.960691
3.961748
3.962804
3.963861
3.964917
3.965973
3.967031
3.969144
3.970200
3.971258
3.972315
3.973372
3.973372
3.974428
3.975484
3.977597
3.977597
3.978653
3.979711
3.980768
3.981823
3.982881
3.983937
3.986051
3.987106
3.988163
3.989221
3.990277
3.990277
3.991332
3.992389
3.994503
3.995559
3.996614
3.997672
3.998728
3.998728
3.999785
4.000841
4.002953
4.004010
4.004010
4.005067
4.006125
4.008240
4.009298
4.010354
4.011412
4.012469
4.012469
4.013526
4.014583
4.016697
4.017753
4.017753
4.018810
4.019868
4.021983
4.023039
4.024097
4.025153
4.026211
4.026211
4.027267
4.028323
4.030437
4.031494
4.032552
4.033609
4.034666
4.034666
4.035721
4.036777
4.038893
4.039948
4.041006
4.042063
4.043119
4.043119
4.044174
4.045232
4.047346
4.048403
4.048403
4.049460
4.050518
4.052629
4.053686
4.054741
4.055797
4.056853
4.056853
4.057908
4.058966
4.061078
4.061078
4.062136
4.063193
4.064250
4.065308
4.066364
4.067419
4.069533
4.069533
4.070591
4.071647
4.072703
4.073759
4.074817
4.075873
4.076928
4.076928
4.079042
4.080098
4.081154
4.082212
4.083268
4.084324
4.086438
4.087493
4.088551
4.089607
4.090663
4.090663
4.091719
4.092776
4.094888
4.095943
4.095943
4.096999
4.098056
4.100169
4.101225
4.102282
4.103339
4.104396
4.104396
4.105453
4.106511
4.108626
4.109683
4.110740
4.111798
4.112854
4.112854
4.113912
4.114968
4.117081
4.118137
4.119193
4.120249
4.121305
4.121305
4.122363
4.123421
4.125535
4.126591
4.127648
4.128703
4.129761
4.129761
4.130817
4.131872
4.133986
4.135043
4.136098
4.137155
4.138211
4.138211
4.139268
4.140324
4.141381
4.142437
4.143495
4.144553
4.145610
4.146666
4.147724
4.148780
4.150893
4.150893
4.151951
4.153008
4.154066
4.155123
4.156181
4.157237
4.159350
4.159350
4.160407
4.161463
4.162521
4.163578
4.164633
4.165689
4.167802
4.167802
4.168858
4.169916
4.170972
4.172029
4.173085
4.174141
4.176256
4.177312
4.178369
4.179425
4.180483
4.180483
4.181538
4.182596
4.184709
4.185767
4.186822
4.187879
4.188936
4.188936
4.189992
4.191050
4.193164
4.194222
4.195278
4.196335
4.197393
4.197393
4.198449
4.199504
4.201616
4.201616
4.202674
4.203729
4.204786
4.205843
4.206899
4.207955
4.210069
4.210069
4.211127
4.212183
4.213240
4.214297
4.215353
4.216410
4.218523
4.218523
4.219581
4.220637
4.221695
4.222751
4.223808
4.224866
4.226981
4.228039
4.229095
4.230151
4.231209
4.231209
4.232265
4.233322
4.235437
4.236493
4.237549
4.238606
4.239662
4.239662
4.240719
4.241774
4.243888
4.243888
4.244944
4.246000
4.247057
4.248113
4.249171
4.250228
4.252341
4.252341
4.253398
4.254454
4.255511
4.256567
4.257624
4.258680
4.260792
4.261848
4.262904
4.263962
4.265018
4.265018
4.266074
4.267131
4.269244
4.270302
4.271359
4.272416
4.273472
4.273472
4.274529
4.275586
4.277698
4.278756
4.279813
4.280869
4.281927
4.281927
4.282983
4.284038
4.286152
4.287210
4.288266
4.289324
4.290381
4.290381
4.291438
4.292495
4.294608
4.295666
4.296723
4.297780
4.298836
4.298836
4.299891
4.300948
4.303063
4.304119
4.305174
4.306230
4.307287
4.307287
4.308344
4.309402
4.311516
4.312572
4.313628
4.314683
4.315740
4.315740
4.316796
4.317853
4.319967
4.321023
4.322080
4.323137
4.324193
4.324193
4.325249
4.326307
4.328419
4.329475
4.330531
4.331587
4.332643
4.332643
4.333699
4.334757
4.336872
4.337927
4.337927
4.338984
4.340042
4.342156
4.342156
4.343213
4.344271
4.345327
4.346384
4.347442
4.348499
4.350613
4.350613
4.351669
4.352727
4.353783
4.354839
4.355897
4.356954
4.359066
4.360121
4.361178
4.362233
4.363289
4.363289
4.364347
4.365404
4.367517
4.367517
4.368573
4.369631
4.370687
4.371743
4.372801
4.373858
4.375970
4.377026
4.378084
4.379142
4.380199
4.380199
4.381256
4.382312
4.384423
4.385481
4.386537
4.387592
4.388648
4.388648
4.389705
4.390762
4.392874
4.392874
4.393932
4.394990
4.396047
4.397103
4.398161
4.399216
4.401328
4.401328
4.402384
4.403440
4.404497
4.405553
4.406611
4.407667
4.409782
4.410838
4.411895
4.412952
4.414009
4.414009
4.415066
4.416122
4.418234
4.418234
4.419292
4.420349
4.421407
4.422463
4.423521
4.424576
4.426691
4.427748
4.428804
4.429861
4.430918
4.430918
4.431975
4.433033
4.435147
4.435147
4.436204
4.437261
4.438318
4.439375
4.440432
4.441488
4.443601
4.443601
4.444658
4.445714
4.446770
4.447828
4.448886
4.449943
4.452056
4.452056
4.453112
4.454169
4.455225
4.456281
4.457337
4.458394
4.460507
4.460507
4.461564
4.462620
4.463677
4.464733
4.465790
4.466846
4.468957
4.468957
4.470015
4.471073
4.472128
4.473185
4.474241
4.475297
4.477409
4.477409
4.478466
4.479521
4.480578
4.481636
4.482692
4.483748
4.485863
4.486921
4.487978
4.489036
4.490092
4.490092
4.491148
4.492206
4.494320
4.494320
4.495378
4.496434
4.497490
4.498546
4.499602
4.500659
4.502773
4.503829
4.504885
4.505941
4.506998
4.506998
4.508056
4.509111
4.510167
4.511224
4.512282
4.513339
4.514396
4.515452
4.516509
4.517565
4.519679
4.520737
4.521793
4.522849
4.523905
4.523905
4.524961
4.526016
4.528129
4.529186
4.530242
4.531299
4.532357
4.532357
4.533413
4.534471
4.536586
4.537642
4.538699
4.539755
4.540812
4.540812
4.541869
4.542927
4.545039
4.546094
4.547151
4.548208
4.549265
4.549265
4.550322
4.551378
4.553493
4.554551
4.554551
4.555606
4.556663
4.558777
4.559833
4.560890
4.561947
4.563004
4.563004
4.564059
4.565115
4.567228
4.568284
4.568284
4.569342
4.570399
4.572513
4.573568
4.573568
4.574625
4.575682
4.577795
4.578852
4.579908
4.580965
4.582021
4.582021
4.583077
4.584134
4.586246
4.587303
4.587303
4.588361
4.589417
4.591530
4.592588
4.593643
4.594700
4.595756
4.595756
4.596813
4.597871
4.599982
4.601039
4.602097
4.603153
4.604208
4.604208
4.605264
4.606320
4.608433
4.608433
4.609489
4.610547
4.611602
4.612658
4.613714
4.614772
4.616887
4.617944
4.619001
4.620058
4.621114
4.621114
4.622172
4.623227
4.625341
4.626398
4.627456
4.628512
4.629568
4.629568
4.630624
4.631681
4.633794
4.634852
4.635908
4.636966
4.638023
4.638023
4.639080
4.640136
4.642248
4.642248
4.643304
4.644359
4.645417
4.646472
4.647531
4.648586
4.650700
4.651757
4.652815
4.653871
4.654926
4.654926
4.655983
4.657040
4.659153
4.660211
4.661268
4.662326
4.663382
4.663382
4.664439
4.665495
4.667609
4.667609
4.668666
4.669722
4.670778
4.671835
4.672891
4.673948
4.676063
4.677121
4.678178
4.679236
4.680292
4.680292
4.681349
4.682405
4.684516
4.684516
4.685573
4.686631
4.687689
4.688745
4.689803
4.690859
4.692973
4.692973
4.694030
4.695088
4.696146
4.697202
4.698258
4.699314
4.701428
4.701428
4.702484
4.703541
4.704598
4.705654
4.706711
4.707769
4.709882
4.709882
4.710938
4.711994
4.713051
4.714108
4.715165
4.716222
4.718337
4.719394
4.720451
4.721508
4.722565
4.722565
4.723622
4.724678
4.726791
4.727847
4.728903
4.729958
4.731016
4.731016
4.732074
4.733129
4.735242
4.736297
4.737355
4.738411
4.739467
4.739467
4.740524
4.741582
4.743696
4.743696
4.744752
4.745809
4.746866
4.747923
4.748979
4.750037
4.752150
4.753208
4.754263
4.755321
4.756376
4.756376
4.757433
4.758490
4.760603
4.761659
4.762716
4.763773
4.764829
4.764829
4.765885
4.766942
4.769057
4.770113
4.771170
4.772228
4.773286
4.773286
4.774342
4.775400
4.777514
4.778570
4.779627
4.780684
4.781742
4.781742
4.782798
4.783854
4.785969
4.787025
4.788082
4.789139
4.790196
4.790196
4.791251
4.792309
4.794423
4.795481
4.795481
4.796536
4.797593
4.799707
4.799707
4.800762
4.801820
4.802877
4.803917
4.804941
4.805948
4.807912
4.808870
4.809809
4.810733
4.811638
4.811638
4.812529
4.813403
4.815097
4.815097
4.815919
4.816725
4.817516
4.818289
4.819047
4.819786
4.821216
4.821216
4.821904
4.822578
4.823235
4.823874
4.824496
4.825102
4.826266
4.826822
4.827361
4.827883
4.828390
4.828390
4.828880
4.829353
4.830248
4.830671
4.831079
4.831468
4.831840
4.831840
4.832196
4.832535
4.833166
4.833166
4.833454
4.833729
4.833986
4.834226
4.834451
4.834675
4.835121
4.835343
4.835565
4.835789
4.836013
4.836013
4.836238
4.836460
4.836684
4.836908
4.837131
4.837353
4.837576
4.837798
4.838022
4.838247
4.838692
4.838916
4.839138
4.839361
4.839585
4.839585
4.839808
4.840031
4.840478
4.840478
4.840702
4.840924
4.841148
4.841372
4.841596
4.841819
4.842266
4.842490
4.842714
4.842937
4.843160
4.843160
4.843385
4.843608
4.844053
4.844053
4.844277
4.844499
4.844723
4.844946
4.845171
4.845394
4.845841
4.846064
4.846288
4.846512
4.846736
4.846736
4.846959
4.847182
4.847627
4.847849
4.847849
4.848072
4.848296
4.848742
4.848964
4.849188
4.849413
4.849635
4.849635
4.849858
4.850081
4.850529
4.850529
4.850753
4.850977
4.851200
4.851423
4.851646
4.851869
4.852316
4.852316
4.852540
4.852764
4.852987
4.853209
4.853432
4.853657
4.854104
4.854328
4.854328
4.854552
4.854775
4.855222
4.855445
4.855667
4.855891
4.856113
4.856113
4.856338
4.856562
4.857008
4.857230
4.857452
4.857676
4.857898
4.857898
4.858121
4.858346
4.858792
4.859015
4.859237
4.859461
4.859683
4.859683
4.859905
4.860128
4.860576
4.860800
4.861023
4.861247
4.861469
4.861469
4.861693
4.861917
4.862363
4.862363
4.862587
4.862811
4.863035
4.863258
4.863481
4.863703
4.864149
4.864372
4.864596
4.864818
4.865042
4.865042
4.865267
4.865491
4.865938
4.866162
4.866384
4.866608
4.866832
4.866832
4.867055
4.867279
4.867502
4.867502
4.867949
4.868171
4.868396
4.868618
4.868841
4.869066
4.869512
4.869736
4.869958
4.870181
4.870406
4.870406
4.870628
4.870851
4.871299
4.871522
4.871747
4.871971
4.872194
4.872194
4.872418
4.872640
4.872862
4.873086
4.873309
4.873532
4.873754
4.873977
4.874201
4.874425
4.874872
4.875096
4.875321
4.875544
4.875768
4.875768
4.875993
4.876217
4.876663
4.876663
4.876886
4.877110
4.877334
4.877558
4.877780
4.878004
4.878451
4.878674
4.878896
4.879119
4.879343
4.879343
4.879566
4.879788
4.880234
4.880457
4.880457
4.880680
4.880904
4.881351
4.881574
4.881797
4.882019
4.882242
4.882242
4.882466
4.882690
4.883138
4.883138
4.883360
4.883584
4.883808
4.884032
4.884256
4.884481
4.884704
4.884704
4.885149
4.885374
4.885597
4.885820
4.886043
4.886266
4.886712
4.886935
4.886935
4.887157
4.887380
4.887828
4.888051
4.888051
4.888273
4.888496
4.888942
4.889165
4.889388
4.889612
4.889834
4.889834
4.890057
4.890279
4.890728
4.890952
4.891174
4.891397
4.891620
4.891620
4.891843
4.892066
4.892514
4.892514
4.892737
4.892961
4.893183
4.893407
4.893629
4.893852
4.894298
4.894522
4.894744
4.894968
4.895192
4.895192
4.895415
4.895640
4.896087
4.896312
4.896535
4.896757
4.896982
4.896982
4.897206
4.897429
4.897875
4.898099
4.898099
4.898322
4.898546
4.898991
4.899213
4.899438
4.899661
4.899886
4.899886
4.900110
4.900334
4.900783
4.900783
4.901005
4.901227
4.901451
4.901673
4.901896
4.902118
4.902565
4.902789
4.903011
4.903235
4.903458
4.903458
4.903680
4.903903
4.904350
4.904573
4.904797
4.905019
4.905243
4.905243
4.905466
4.905688
4.906137
4.906362
4.906584
4.906809
4.907032
4.907032
4.907257
4.907479
4.907924
4.908148
4.908371
4.908593
4.908816
4.908816
4.909038
4.909262
4.909708
4.909708
4.909931
4.910154
4.910378
4.910602
4.910825
4.911048
4.911496
4.911718
4.911942
4.912166
4.912388
4.912388
4.912612
4.912834
4.913282
4.913505
4.913505
4.913728
4.913952
4.914398
4.914622
4.914844
4.915068
4.915293
4.915293
4.915516
4.915739
4.916184
4.916406
4.916629
4.916852
4.917074
4.917074
4.917297
4.917519
4.917966
4.918188
4.918411
4.918633
4.918858
4.918858
4.919081
4.919306
4.919751
4.919976
4.920198
4.920422
4.920644
4.920644
4.920866
4.921090
4.921538
4.921538
4.921762
4.921984
4.922207
4.922431
4.922654
4.922876
4.923323
4.923546
4.923769
4.923993
4.924216
4.924216
4.924438
4.924662
4.925107
4.925331
4.925554
4.925778
4.926001
4.926001
4.926224
4.926448
4.926893
4.926893
4.927118
4.927342
4.927564
4.927789
4.928011
4.928236
4.928682
4.928682
4.928906
4.929129
4.929353
4.929577
4.929800
4.930023
4.930471
4.930694
4.930917
4.931139
4.931364
4.931364
4.931586
4.931808
4.932254
4.932478
4.932701
4.932925
4.933149
4.933149
4.933374
4.933598
4.934044
4.934267
4.934489
4.934713
4.934936
4.934936
4.935160
4.935383
4.935830
4.935830
4.936054
4.936278
4.936502
4.936724
4.936947
4.937171
4.937617
4.937840
4.938064
4.938287
4.938509
4.938509
4.938732
4.938954
4.939399
4.939622
4.939847
4.940071
4.940296
4.940296
4.940519
4.940742
4.940965
4.940965
4.941411
4.941635
4.941859
4.942083
4.942306
4.942528
4.942973
4.942973
4.943196
4.943420
4.943644
4.943867
4.944089
4.944312
4.944761
4.944984
4.944984
4.945208
4.945431
4.945876
4.946098
4.946322
4.946546
4.946770
4.946770
4.946995
4.947218
4.947663
4.947886
4.948111
4.948335
4.948557
4.948557
4.948781
4.949005
4.949452
4.949676
4.949898
4.950122
4.950345
4.950345
4.950569
4.950793
4.951239
4.951239
4.951462
4.951684
4.951907
4.952130
4.952354
4.952578
4.953026
4.953026
4.953248
4.953471
4.953695
4.953917
4.954141
4.954364
4.954810
4.954810
4.955033
4.955255
4.955479
4.955703
4.955927
4.956149
4.956596
4.956819
4.957041
4.957263
4.957486
4.957486
4.957708
4.957932
4.958378
4.958378
4.958602
4.958826
4.959049
4.959272
4.959494
4.959717
4.960163
4.960163
4.960386
4.960609
4.960832
4.961056
4.961280
4.961503
4.961950
4.962173
4.962398
4.962620
4.962844
4.962844
4.963066
4.963291
4.963737
4.963737
4.963961
4.964185
4.964407
4.964631
4.964854
4.965077
4.965522
4.965522
4.965747
4.965971
4.966194
4.966416
4.966640
4.966863
4.967308
4.967531
4.967754
4.967977
4.968199
4.968199
4.968424
4.968647
4.969094
4.969317
4.969539
4.969763
4.969985
4.969985
4.970209
4.970432
4.970877
4.970877
4.971101
4.971323
4.971547
4.971769
4.971992
4.972217
4.972663
4.972887
4.972887
4.973111
4.973333
4.973779
4.974002
4.974224
4.974448
4.974672
4.974672
4.974895
4.975119
4.975566
4.975566
4.975790
4.976012
4.976234
4.976458
4.976682
4.976906
4.977354
4.977576
4.977801
4.978023
4.978246
4.978246
4.978469
4.978691
4.979136
4.979358
4.979581
4.979805
4.980029
4.980029
4.980252
4.980476
4.980921
4.981144
4.981144
4.981367
4.981590
4.982036
4.982259
4.982482
4.982706
4.982929
4.982929
4.983153
4.983376
4.983823
4.983823
4.984045
4.984267
4.984491
4.984716
4.984938
4.985161
4.985606
4.985829
4.986052
4.986274
4.986498
4.986498
4.986722
4.986946
4.987391
4.987391
4.987615
4.987839
4.988064
4.988288
4.988511
4.988733
4.989180
4.989403
4.989628
4.989850
4.990072
4.990072
4.990296
4.990519
4.990966
4.990966
4.991188
4.991413
4.991636
4.991858
4.992082
4.992306
4.992753
4.992753
4.992977
4.993199
4.993423
4.993646
4.993869
4.994091
4.994537
4.994759
4.994982
4.995205
4.995428
4.995428
4.995650
4.995874
4.996321
4.996321
4.996544
4.996767
4.996991
4.997215
4.997439
4.997663
4.997886
4.998111
4.998334
4.998558
4.998780
4.999004
4.999229
4.999453
4.999901
4.999901
5.000124
5.000348
5.000572
5.000794
5.001018
5.001241
5.001688
5.001911
5.002135
5.002358
5.002580
5.002580
5.002803
5.003028
5.003475
5.003698
5.003922
5.004145
5.004369
5.004369
5.004592
5.004814
5.005261
5.005484
5.005484
5.005707
5.005929
5.006375
5.006599
5.006599
5.006822
5.007045
5.007491
5.007713
5.007936
5.008159
5.008384
5.008384
5.008608
5.008831
5.009277
5.009500
5.009724
5.009948
5.010172
5.010172
5.010396
5.010618
5.011065
5.011289
5.011289
5.011514
5.011738
5.012186
5.012409
5.012409
5.012633
5.012857
5.013304
5.013527
5.013750
5.013974
5.014198
5.014198
5.014421
5.014643
5.015088
5.015311
5.015536
5.015758
5.015982
5.015982
5.016207
5.016429
5.016876
5.017099
5.017322
5.017547
5.017769
5.017769
5.017992
5.018216
5.018665
5.018889
5.018889
5.019114
5.019337
5.019783
5.019783
5.020008
5.020232
5.020456
5.020678
5.020902
5.021125
5.021573
5.021573
5.021798
5.022021
5.022243
5.022468
5.022691
5.022915
5.023361
5.023583
5.023806
5.024029
5.024254
5.024254
5.024478
5.024702
5.025147
5.025370
5.025370
5.025594
5.025818
5.026265
5.026489
5.026489
5.026711
5.026936
5.027382
5.027604
5.027827
5.028051
5.028275
5.028275
5.028499
5.028723
5.029171
5.029394
5.029617
5.029839
5.030063
5.030063
5.030286
5.030510
5.030958
5.030958
5.031182
5.031407
5.031630
5.031854
5.032077
5.032300
5.032747
5.032747
5.032971
5.033194
5.033416
5.033640
5.033863
5.034086
5.034531
5.034754
5.034978
5.035201
5.035425
5.035425
5.035647
5.035871
5.036319
5.036543
5.036543
5.036768
5.036991
5.037438
5.037662
5.037662
5.037887
5.038110
5.038556
5.038781
5.038781
5.039004
5.039228
5.039675
5.039897
5.040122
5.040346
5.040569
5.040569
5.040793
5.041018
5.041466
5.041688
5.041912
5.042136
5.042359
5.042359
5.042583
5.042807
5.043254
5.043476
5.043699
5.043923
5.044147
5.044147
5.044371
5.044594
5.045039
5.045263
5.045486
5.045710
5.045932
5.045932
5.046157
5.046379
5.046827
5.047052
5.047274
5.047498
5.047722
5.047722
5.047947
5.048169
5.048616
5.048841
5.048841
5.049065
5.049287
5.049734
5.049957
5.050179
5.050402
5.050624
5.050624
5.050848
5.051072
5.051519
5.051743
5.051743
5.051967
5.052191
5.052638
5.052638
5.052861
5.053084
5.053308
5.053532
5.053755
5.053978
5.054424
5.054648
5.054871
5.055094
5.055316
5.055316
5.055541
5.055763
5.056209
5.056432
5.056432
5.056654
5.056877
5.057323
5.057546
5.057771
5.057995
5.058217
5.058217
5.058441
5.058664
5.058888
5.059112
5.059334
5.059557
5.059782
5.060006
5.060229
5.060452
5.060898
5.061120
5.061120
5.061344
5.061569
5.062016
5.062240
5.062462
5.062686
5.062909
5.062909
5.063132
5.063354
5.063799
5.063799
5.064022
5.064246
5.064469
5.064691
5.064913
5.065137
5.065583
5.065805
5.065805
5.066027
5.066250
5.066698
5.066922
5.067145
5.067367
5.067592
5.067592
5.067815
5.068039
5.068486
5.068708
5.068708
5.068931
5.069154
5.069602
5.069825
5.070049
5.070273
5.070497
5.070497
5.070722
5.070944
5.071391
5.071614
5.071838
5.072061
5.072283
5.072283
5.072507
5.072731
5.073179
5.073402
5.073624
5.073847
5.074069
5.074069
5.074291
5.074514
5.074961
5.074961
5.075184
5.075406
5.075629
5.075852
5.076074
5.076297
5.076742
5.076966
5.077190
5.077413
5.077636
5.077636
5.077861
5.078084
5.078530
5.078754
5.078978
5.079200
5.079423
5.079423
5.079647
5.079871
5.080320
5.080320
5.080544
5.080767
5.080991
5.081215
5.081437
5.081659
5.082104
5.082104
5.082327
5.082551
5.082774
5.082998
5.083222
5.083446
5.083893
5.084115
5.084338
5.084561
5.084785
5.084785
5.085009
5.085233
5.085678
5.085902
5.086124
5.086347
5.086569
5.086569
5.086791
5.087014
5.087461
5.087684
5.087908
5.088132
5.088355
5.088355
5.088579
5.088802
5.089026
5.089026
5.089473
5.089697
5.089919
5.090141
5.090366
5.090590
5.091035
5.091258
5.091482
5.091707
5.091931
5.091931
5.092154
5.092378
5.092602
5.092602
5.093048
5.093272
5.093494
5.093718
5.093941
5.094165
5.094388
5.094388
5.094834
5.095057
5.095281
5.095506
5.095729
5.095951
5.096396
5.096619
5.096842
5.097065
5.097288
5.097288
5.097513
5.097736
5.098184
5.098407
5.098630
5.098853
5.099077
5.099077
5.099299
5.099524
5.099972
5.100195
5.100195
5.100417
5.100639
5.101084
5.101306
5.101529
5.101752
5.101974
5.101974
5.102197
5.102421
5.102869
5.102869
5.103092
5.103315
5.103538
5.103761
5.103984
5.104207
5.104654
5.104876
5.105098
5.105323
5.105547
5.105547
5.105770
5.105994
5.106442
5.106665
5.106890
5.107114
5.107337
5.107337
5.107562
5.107784
5.108230
5.108452
5.108674
5.108899
5.109121
5.109121
5.109346
5.109568
5.110016
5.110239
5.110239
5.110464
5.110686
5.111133
5.111356
5.111579
5.111803
5.112028
5.112028
5.112251
5.112474
5.112922
5.113144
5.113368
5.113591
5.113815
5.113815
5.114039
5.114262
5.114709
5.114932
5.115155
5.115378
5.115601
5.115601
5.115825
5.116048
5.116494
5.116719
5.116943
5.117168
5.117391
5.117391
5.117614
5.117838
5.118061
5.118507
5.118731
5.118953
5.119177
5.119401
5.119623
5.120071
5.120294
5.120294
5.120519
5.120742
5.121189
5.121414
5.121636
5.121859
5.122084
5.122084
5.122307
5.122531
5.122979
5.123202
5.123424
5.123648
5.123872
5.123872
5.124096
5.124318
5.124764
5.124764
5.124988
5.125212
5.125435
5.125659
5.125883
5.126107
5.126554
5.126778
5.127001
5.127223
5.127447
5.127447
5.127671
5.127895
5.128342
5.128566
5.128791
5.129013
5.129236
5.129236
5.129458
5.129681
5.130126
5.130126
5.130348
5.130572
5.130794
5.131019
5.131243
5.131466
5.131688
5.131911
5.132133
5.132358
5.132582
5.132806
5.133028
5.133251
5.133473
5.133696
5.133918
5.134142
5.134366
5.134589
5.134812
5.135034
5.135481
5.135705
5.135705
5.135929
5.136152
5.136377
5.136601
5.136823
5.137046
5.137269
5.137493
5.137716
5.137938
5.138386
5.138386
5.138609
5.138833
5.139056
5.139281
5.139504
5.139728
5.140174
5.140397
5.140619
5.140843
5.141067
5.141067
5.141290
5.141514
5.141962
5.142185
5.142185
5.142409
5.142632
5.142856
5.142856
5.143303
5.143525
5.143749
5.143971
5.144194
5.144417
5.144863
5.145086
5.145309
5.145533
5.145756
5.145756
5.145979
5.146203
5.146648
5.146648
5.146872
5.147095
5.147318
5.147542
5.147766
5.147989
5.148435
5.148435
5.148658
5.148882
5.149107
5.149331
5.149555
5.149778
5.150002
5.150002
5.150448
5.150672
5.150896
5.151120
5.151343
5.151568
5.152014
5.152237
5.152462
5.152686
5.152910
5.152910
5.153133
5.153358
5.153807
5.154029
5.154252
5.154474
5.154698
5.154698
5.154922
5.155145
5.155592
5.155816
5.156039
5.156264
5.156487
5.156487
5.156711
5.156934
5.157381
5.157381
5.157604
5.157828
5.158051
5.158273
5.158497
5.158721
5.159168
5.159392
5.159616
5.159838
5.160061
5.160061
5.160283
5.160507
5.160954
5.161177
5.161402
5.161625
5.161847
5.161847
5.162069
5.162292
5.162741
5.162741
5.162966
5.163189
5.163413
5.163638
5.163862
5.164085
5.164308
5.164531
5.164753
5.164975
5.165198
5.165421
5.165644
5.165866
5.166312
5.166536
5.166759
5.166984
5.167208
5.167208
5.167432
5.167655
5.168102
5.168102
5.168325
5.168547
5.168770
5.168994
5.169218
5.169442
5.169889
5.170113
5.170335
5.170559
5.170782
5.170782
5.171004
5.171228
5.171673
5.171896
5.172118
5.172340
5.172563
5.172563
5.172786
5.173009
5.173456
5.173679
5.173901
5.174124
5.174347
5.174347
5.174571
5.174793
5.175239
5.175461
5.175684
5.175909
5.176132
5.176132
5.176356
5.176578
5.176803
5.176803
5.177249
5.177472
5.177696
5.177919
5.178144
5.178367
5.178814
5.178814
5.179038
5.179262
5.179485
5.179709
5.179933
5.180157
5.180379
5.180379
5.180825
5.181048
5.181272
5.181495
5.181718
5.181942
5.182388
5.182611
5.182611
5.182833
5.183058
5.183504
5.183727
5.183951
5.184176
5.184398
5.184398
5.184620
5.184842
5.185289
5.185513
5.185736
5.185960
5.186182
5.186182
5.186405
5.186629
5.187077
5.187301
5.187523
5.187748
5.187972
5.187972
5.188195
5.188419
5.188866
5.189088
5.189088
5.189311
5.189534
5.189981
5.190204
5.190204
5.190428
5.190651
5.191098
5.191322
5.191322
5.191546
5.191769
5.191992
5.191992
5.192441
5.192664
5.192888
5.193111
5.193334
5.193556
5.194002
5.194226
5.194449
5.194672
5.194896
5.194896
5.195118
5.195341
5.195786
5.196009
5.196232
5.196455
5.196678
5.196678
5.196901
5.197124
5.197569
5.197794
5.197794
5.198016
5.198238
5.198686
5.198686
5.198908
5.199132
5.199355
5.199578
5.199802
5.200025
5.200473
5.200698
5.200698
5.200921
5.201143
5.201591
5.201814
5.202037
5.202261
5.202486
5.202486
5.202708
5.202932
5.203378
5.203600
5.203823
5.204047
5.204271
5.204271
5.204494
5.204719
5.205164
5.205387
5.205611
5.205833
5.206056
5.206056
5.206280
5.206503
5.206950
5.207174
5.207397
5.207622
5.207844
5.207844
5.208068
5.208292
5.208739
5.208963
5.209187
5.209411
5.209635
5.209635
5.209858
5.210082
5.210306
5.210529
5.210753
5.210977
5.211201
5.211425
5.211649
5.211873
5.212320
5.212544
5.212544
5.212769
5.212992
5.213438
5.213662
5.213884
5.214107
5.214329
5.214329
5.214552
5.214776
5.215223
5.215447
5.215669
5.215893
5.216117
5.216117
5.216341
5.216563
5.217008
5.217233
5.217233
5.217456
5.217680
5.218126
5.218126
5.218349
5.218572
5.218795
5.219017
5.219240
5.219464
5.219909
5.219909
5.220132
5.220354
5.220577
5.220800
5.221023
5.221247
5.221694
5.221917
5.222139
5.222363
5.222586
5.222586
5.222809
5.223033
5.223481
5.223481
5.223705
5.223928
5.224152
5.224374
5.224598
5.224821
5.225266
5.225488
5.225488
5.225711
5.225933
5.226381
5.226605
5.226605
5.226829
5.227053
5.227501
5.227723
5.227946
5.228171
5.228394
5.228394
5.228618
5.228841
5.229288
5.229288
5.229513
5.229735
5.229959
5.230182
5.230406
5.230629
5.231078
5.231302
5.231526
5.231749
5.231973
5.231973
5.232196
5.232421
5.232869
5.233091
5.233313
5.233536
5.233760
5.233760
5.233984
5.234209
5.234655
5.234877
5.235099
5.235322
5.235546
5.235546
5.235771
5.235994
5.236443
5.236666
5.236890
5.237112
5.237336
5.237336
5.237559
5.237783
5.238229
5.238229
5.238452
5.238676
5.238901
5.239124
5.239347
5.239570
5.240017
5.240017
5.240241
5.240465
5.240687
5.240909
5.241134
5.241358
5.241807
5.242031
5.242255
5.242478
5.242702
5.242702
5.242925
5.243149
5.243372
5.243372
5.243820
5.244043
5.244267
5.244492
5.244716
5.244939
5.245388
5.245612
5.245612
5.245835
5.246058
5.246281
5.246504
5.246727
5.246949
5.247173
5.247396
5.247621
5.247844
5.248069
5.248293
5.248515
5.248738
5.248962
5.249187
5.249410
5.249633
5.250080
5.250304
5.250526
5.250750
5.250973
5.250973
5.251196
5.251419
5.251642
5.251642
5.252087
5.252311
5.252535
5.252758
5.252982
5.253206
5.253652
5.253877
5.254099
5.254324
5.254547
5.254547
5.254771
5.254995
5.255442
5.255666
5.255890
5.256113
5.256336
5.256336
5.256559
5.256784
5.257231
5.257453
5.257453
5.257678
5.257901
5.258348
5.258572
5.258797
5.259019
5.259241
5.259241
5.259464
5.259688
5.260134
5.260359
5.260583
5.260807
5.261031
5.261031
5.261254
5.261478
5.261922
5.262146
5.262146
5.262369
5.262593
5.263039
5.263039
5.263264
5.263487
5.263711
5.263933
5.264157
5.264379
5.264828
5.264828
5.265050
5.265274
5.265498
5.265722
5.265944
5.266167
5.266613
5.266835
5.267059
5.267283
5.267506
5.267506
5.267729
5.267952
5.268176
5.268176
5.268623
5.268847
5.269069
5.269293
5.269517
5.269739
5.270184
5.270408
5.270408
5.270632
5.270855
5.271303
5.271527
5.271751
5.271975
5.272198
5.272198
5.272422
5.272644
5.273090
5.273313
5.273537
5.273759
5.273983
5.273983
5.274207
5.274430
5.274877
5.275102
5.275324
5.275547
5.275771
5.275771
5.275994
5.276219
5.276664
5.276664
5.276886
5.277110
5.277333
5.277556
5.277781
5.278005
5.278451
5.278673
5.278897
5.279119
5.279343
5.279343
5.279567
5.279789
5.280238
5.280462
5.280686
5.280909
5.281132
5.281132
5.281354
5.281576
5.282022
5.282245
5.282468
5.282692
5.282917
5.282917
5.283140
5.283364
5.283810
5.284032
5.284032
5.284257
5.284479
5.284927
5.284927
5.285149
5.285372
5.285596
5.285819
5.286042
5.286265
5.286711
5.286936
5.287159
5.287384
5.287608
5.287608
5.287832
5.288054
5.288503
5.288503
5.288726
5.288949
5.289172
5.289396
5.289618
5.289843
5.290291
5.290513
5.290736
5.290960
5.291182
5.291182
5.291407
5.291630
5.292077
5.292302
5.292302
5.292524
5.292747
5.293193
5.293416
5.293416
5.293638
5.293861
5.294307
5.294530
5.294753
5.294978
5.295201
5.295201
5.295423
5.295645
5.296091
5.296314
5.296538
5.296762
5.296987
5.296987
5.297211
5.297433
5.297881
5.297881
5.298105
5.298328
5.298552
5.298774
5.298997
5.299221
5.299669
5.299669
5.299892
5.300115
5.300339
5.300562
5.300786
5.301011
5.301456
5.301678
5.301678
5.301901
5.302123
5.302345
5.302345
5.302791
5.303013
5.303236
5.303460
5.303684
5.303907
5.304353
5.304576
5.304798
5.305021
5.305245
5.305245
5.305469
5.305692
5.306138
5.306138
5.306361
5.306585
5.306808
5.307031
5.307253
5.307475
5.307699
5.307923
5.308146
5.308369
5.308594
5.308817
5.309039
5.309263
5.309708
5.309931
5.310154
5.310377
5.310601
5.310601
5.310824
5.311047
5.311494
5.311717
5.311939
5.312164
5.312388
5.312388
5.312611
5.312834
5.313281
5.313503
5.313727
5.313951
5.314174
5.314174
5.314397
5.314620
5.314844
5.315068
5.315291
5.315514
5.315738
5.315962
5.316186
5.316410
5.316857
5.317079
5.317079
5.317302
5.317526
5.317973
5.317973
5.318197
5.318421
5.318646
5.318869
5.319093
5.319317
5.319764
5.319988
5.320211
5.320436
5.320658
5.320658
5.320882
5.321106
5.321554
5.321554
5.321777
5.321999
5.322222
5.322445
5.322669
5.322893
5.323339
5.323562
5.323562
5.323785
5.324008
5.324456
5.324679
5.324902
5.325125
5.325348
5.325348
5.325572
5.325795
5.326241
5.326241
5.326466
5.326688
5.326912
5.327136
5.327361
5.327584
5.328031
5.328031
5.328253
5.328476
5.328700
5.328924
5.329148
5.329371
5.329816
5.330038
5.330038
5.330263
5.330485
5.330930
5.331154
5.331378
5.331602
5.331826
5.331826
5.332048
5.332272
5.332718
5.332941
5.333163
5.333386
5.333608
5.333608
5.333832
5.334056
5.334504
5.334727
5.334949
5.335172
5.335395
5.335395
5.335619
5.335841
5.336289
5.336512
5.336737
5.336961
5.337183
5.337183
5.337405
5.337629
5.338077
5.338077
5.338300
5.338523
5.338746
5.338969
5.339193
5.339416
5.339863
5.340087
5.340309
5.340533
5.340756
5.340756
5.340978
5.341202
5.341647
5.341871
5.342094
5.342318
5.342543
5.342543
5.342766
5.342988
5.343211
5.343434
5.343657
5.343880
5.344103
5.344325
5.344549
5.344772
5.345218
5.345440
5.345440
5.345663
5.345887
5.346334
5.346558
5.346781
5.347006
5.347230
5.347230
5.347453
5.347676
5.348125
5.348348
5.348571
5.348795
5.349019
5.349019
5.349242
5.349466
5.349912
5.350135
5.350359
5.350583
5.350807
5.350807
5.351030
5.351254
5.351701
5.351925
5.352148
5.352372
5.352594
5.352594
5.352818
5.353041
5.353486
5.353709
5.353932
5.354154
5.354378
5.354378
5.354600
5.354822
5.355268
5.355492
5.355716
5.355939
5.356163
5.356163
5.356386
5.356608
5.357054
5.357054
5.357277
5.357499
5.357724
5.357948
5.358172
5.358394
5.358841
5.358841
5.359064
5.359288
5.359511
5.359733
5.359956
5.360179
5.360628
5.360853
5.361075
5.361299
5.361523
5.361523
5.361747
5.361971
5.362416
5.362638
5.362861
5.363084
5.363308
5.363308
5.363531
5.363755
5.364202
5.364424
5.364649
5.364872
5.365094
5.365094
5.365319
5.365543
5.365765
5.365987
5.366210
5.366432
5.366657
5.366879
5.367103
5.367327
5.367774
5.367774
5.367998
5.368221
5.368443
5.368666
5.368889
5.369112
5.369559
5.369782
5.370006
5.370229
5.370452
5.370452
5.370676
5.370899
5.371346
5.371570
5.371570
5.371794
5.372018
5.372464
5.372464
5.372687
5.372911
5.373133
5.373357
5.373579
5.373802
5.374249
5.374472
5.374694
5.374916
5.375138
5.375138
5.375361
5.375583
5.376029
5.376253
5.376477
5.376700
5.376924
5.376924
5.377149
5.377373
5.377818
5.378043
5.378266
5.378490
5.378712
5.378712
5.378936
5.379158
5.379605
5.379828
5.380051
5.380274
5.380498
5.380498
5.380720
5.380943
5.381388
5.381612
5.381834
5.382057
5.382281
5.382281
5.382503
5.382727
5.383174
5.383397
5.383621
5.383843
5.384065
5.384065
5.384288
5.384511
5.384956
5.385179
5.385403
5.385626
5.385848
5.385848
5.386072
5.386295
5.386741
5.386741
5.386963
5.387186
5.387408
5.387631
5.387854
5.388077
5.388524
5.388748
5.388971
5.389194
5.389416
5.389416
5.389640
5.389864
5.390309
5.390532
5.390756
5.390980
5.391204
5.391204
5.391428
5.391652
5.392101
5.392324
5.392549
5.392773
5.392996
5.392996
5.393220
5.393443
5.393891
5.394114
5.394338
5.394563
5.394785
5.394785
5.395008
5.395233
5.395677
5.395899
5.396123
5.396347
5.396571
5.396571
5.396796
5.397018
5.397464
5.397464
5.397688
5.397912
5.398136
5.398359
5.398581
5.398804
5.399251
5.399251
5.399473
5.399697
5.399922
5.400146
5.400368
5.400592
5.401041
5.401263
5.401486
5.401708
5.401930
5.401930
5.402152
5.402377
5.402823
5.403048
5.403272
5.403496
5.403719
5.403719
5.403943
5.404167
5.404613
5.404836
5.405059
5.405281
5.405504
5.405504
5.405728
5.405950
5.406398
5.406398
5.406622
5.406845
5.407067
5.407289
5.407513
5.407737
5.408184
5.408184
5.408407
5.408631
5.408853
5.409076
5.409298
5.409520
5.409968
5.409968
5.410191
5.410414
5.410637
5.410861
5.411084
5.411308
5.411755
5.411977
5.412201
5.412424
5.412647
5.412647
5.412872
5.413096
5.413544
5.413544
5.413768
5.413992
5.414214
5.414437
5.414659
5.414884
5.415330
5.415553
5.415553
5.415776
5.415998
5.416447
5.416447
5.416671
5.416893
5.417116
5.417340
5.417562
5.417784
5.418231
5.418231
5.418455
5.418678
5.418901
5.419123
5.419346
5.419569
5.420018
5.420241
5.420241
5.420464
5.420688
5.421137
5.421359
5.421583
5.421806
5.422029
5.422029
5.422253
5.422477
5.422923
5.422923
5.423147
5.423370
5.423593
5.423817
5.424041
5.424264
5.424711
5.424711
5.424933
5.425156
5.425381
5.425604
5.425827
5.426052
5.426497
5.426721
5.426721
5.426946
5.427169
5.427618
5.427618
5.427841
5.428064
5.428287
5.428509
5.428733
5.428957
5.429402
5.429624
5.429624
5.429848
5.430072
5.430518
5.430741
5.430964
5.431187
5.431410
5.431410
5.431634
5.431858
5.432303
5.432526
5.432749
5.432972
5.433194
5.433194
5.433418
5.433642
5.434089
5.434313
5.434536
5.434761
5.434984
5.434984
5.435207
5.435429
5.435874
5.435874
5.436098
5.436321
5.436544
5.436766
5.436991
5.437214
5.437659
5.437883
5.438107
5.438331
5.438555
5.438555
5.438775
5.438994
5.439213
5.439430
5.439643
5.439857
5.440069
5.440278
5.440484
5.440690
5.441094
5.441293
5.441293
5.441490
5.441686
5.442073
5.442262
5.442449
5.442636
5.442820
5.442820
5.443003
5.443184
5.443542
5.443718
5.443718
5.443893
5.444065
5.444403
5.444570
5.444570
5.444733
5.444896
5.445215
5.445375
5.445533
5.445692
5.445850
5.445850
5.446007
5.446161
5.446468
5.446468
5.446623
5.446777
5.446929
5.447083
5.447236
5.447389
5.447693
5.447693
5.447845
5.447998
5.448152
5.448305
5.448457
5.448610
5.448916
5.448916
5.449066
5.449214
5.449361
5.449507
5.449654
5.449803
5.450098
5.450244
5.450392
5.450539
5.450688
5.450688
5.450836
5.450983
5.451279
5.451427
5.451574
5.451721
5.451868
5.451868
5.452015
5.452161
5.452453
5.452598
5.452598
5.452742
5.452888
5.453175
5.453175
5.453318
5.453462
5.453605
5.453748
5.453891
5.454035
5.454320
5.454320
5.454461
5.454603
5.454745
5.454885
5.455023
5.455159
5.455292
5.455292
5.455562
5.455697
5.455831
5.455966
5.456099
5.456234
5.456505
5.456639
5.456639
5.456775
5.456908
5.457178
5.457311
5.457445
5.457580
5.457714
5.457714
5.457849
5.457983
5.458251
5.458387
5.458522
5.458656
5.458792
5.458792
5.458926
5.459055
5.459314
5.459314
5.459442
5.459570
5.459697
5.459827
5.459957
5.460087
5.460347
5.460347
5.460475
5.460604
5.460732
5.460862
5.460991
5.461120
5.461376
5.461502
5.461628
5.461751
5.461873
5.461873
5.461995
5.462117
5.462361
5.462483
5.462603
5.462725
5.462846
5.462846
5.462968
5.463089
5.463333
5.463456
5.463577
5.463699
5.463820
5.463820
5.463941
5.464061
5.464305
5.464427
5.464548
5.464670
5.464792
5.464792
5.464913
5.465035
5.465274
5.465393
5.465513
5.465632
5.465751
5.465751
5.465869
5.465990
5.466228
5.466228
5.466344
5.466461
5.466580
5.466698
5.466815
5.466931
5.467164
5.467280
5.467395
5.467512
5.467627
5.467627
5.467741
5.467854
5.468074
5.468074
5.468184
5.468294
5.468405
5.468516
5.468625
5.468734
5.468953
5.468953
5.469063
5.469174
5.469283
5.469391
5.469498
5.469603
5.469808
5.469912
5.470016
5.470120
5.470222
5.470222
5.470324
5.470428
5.470632
5.470734
5.470837
5.470939
5.471041
5.471041
5.471143
5.471246
5.471452
5.471555
5.471659
5.471762
5.471865
5.471865
5.471969
5.472071
5.472277
5.472378
5.472378
5.472480
5.472582
5.472782
5.472782
5.472882
5.472979
5.473076
5.473171
5.473268
5.473365
5.473556
5.473653
5.473747
5.473843
5.473938
5.473938
5.474034
5.474129
5.474320
5.474415
5.474511
5.474606
5.474701
5.474701
5.474796
5.474893
5.475085
5.475179
5.475270
5.475359
5.475448
5.475448
5.475537
5.475625
5.475802
5.475890
5.475890
5.475979
5.476067
5.476243
5.476331
5.476331
5.476420
5.476507
5.476683
5.476772
5.476859
5.476948
5.477035
5.477035
5.477123
5.477213
5.477390
5.477390
5.477475
5.477559
5.477641
5.477725
5.477806
5.477889
5.478055
5.478137
5.478137
5.478220
5.478302
5.478469
5.478552
5.478552
5.478634
5.478716
5.478881
5.478881
5.478962
5.479042
5.479119
5.479195
5.479271
5.479348
5.479501
5.479577
5.479653
5.479730
5.479808
5.479808
5.479886
5.479962
5.480118
5.480118
5.480194
5.480272
5.480349
5.480426
5.480503
5.480580
5.480734
5.480734
5.480811
5.480884
5.480956
5.481028
5.481100
5.481171
5.481311
5.481384
5.481384
5.481455
5.481525
5.481666
5.481737
5.481807
5.481879
5.481951
5.481951
5.482022
5.482094
5.482238
5.482238
5.482308
5.482376
5.482441
5.482506
5.482571
5.482638
5.482771
5.482771
5.482837
5.482904
5.482970
5.483036
5.483101
5.483166
5.483298
5.483365
5.483431
5.483497
5.483562
5.483562
5.483628
5.483694
5.483824
5.483887
5.483950
5.484011
5.484069
5.484069
5.484127
5.484185
5.484304
5.484362
5.484421
5.484481
5.484540
5.484540
5.484597
5.484656
5.484772
5.484831
5.484831
5.484889
5.484949
5.485065
5.485123
5.485181
5.485238
5.485296
5.485296
5.485355
5.485414
5.485532
5.485588
5.485641
5.485695
5.485747
5.485747
5.485799
5.485851
5.485903
5.485903
5.486005
5.486056
5.486106
5.486156
5.486207
5.486258
5.486360
5.486410
5.486461
5.486511
5.486561
5.486561
5.486611
5.486664
5.486765
5.486817
5.486867
5.486918
5.486968
5.486968
5.487020
5.487071
5.487175
5.487175
5.487225
5.487271
5.487316
5.487361
5.487408
5.487452
5.487543
5.487588
5.487634
5.487678
5.487723
5.487723
5.487769
5.487813
5.487904
5.487949
5.487994
5.488040
5.488086
5.488086
5.488133
5.488179
5.488269
5.488314
5.488356
5.488396
5.488435
5.488435
5.488472
5.488511
5.488587
5.488587
5.488626
5.488664
5.488702
5.488741
5.488779
5.488816
5.488890
5.488929
5.488966
5.489004
5.489041
5.489041
5.489078
5.489115
5.489190
5.489230
5.489269
5.489308
5.489346
5.489346
5.489384
5.489421
5.489497
5.489497
5.489536
5.489573
5.489610
5.489646
5.489681
5.489715
5.489778
5.489808
5.489838
5.489869
5.489898
5.489898
5.489929
5.489959
5.490021
5.490050
5.490081
5.490112
5.490144
5.490144
5.490174
5.490204
5.490264
5.490296
5.490327
5.490358
5.490389
5.490389
5.490420
5.490451
5.490512
5.490544
5.490574
5.490605
5.490636
5.490636
5.490668
5.490698
5.490758
5.490787
5.490815
5.490843
5.490872
5.490872
5.490901
5.490931
5.490984
5.491010
5.491038
5.491064
5.491091
5.491091
5.491118
5.491144
5.491195
5.491222
5.491248
5.491273
5.491297
5.491297
5.491323
5.491347
5.491396
5.491421
5.491444
5.491468
5.491492
5.491492
5.491517
5.491540
5.491586
5.491607
5.491629
5.491649
5.491671
5.491671
5.491693
5.491713
5.491757
5.491757
5.491777
5.491796
5.491813
5.491829
5.491845
5.491859
5.491891
5.491907
5.491923
5.491940
5.491956
5.491956
